# Channel: Detail 4
# Width: 25.3 nm
# Height: 25.3 nm
# Value units: m
4.2377e-010	4.3715e-010	4.468e-010	4.6018e-010	4.7542e-010	4.944e-010	5.0778e-010	5.2302e-010	5.3268e-010	5.3673e-010	5.0909e-010	4.4416e-010	3.9041e-010	4.1312e-010	4.6006e-010	4.9209e-010	5.1665e-010	5.263e-010	4.8188e-010	4.3e-010	3.6693e-010	3.0013e-010	1.9231e-010	9.1952e-011	3.2612e-011	8.5149e-011	1.3955e-010	1.9768e-010	2.5954e-010	3.1208e-010	4.1683e-010	5.2903e-010	6.0395e-010	6.453e-010	6.4935e-010	6.3663e-010	6.3509e-010	6.2237e-010	6.2083e-010	5.9506e-010	6.4759e-010	7.02e-010	7.3029e-010	7.1011e-010	6.806e-010	6.8093e-010	6.738e-010	6.6294e-010	6.4649e-010	6.5241e-010	6.6579e-010	6.6985e-010	6.7018e-010	6.4999e-010	6.3913e-010	6.3014e-010	5.8945e-010	4.8349e-010	3.1227e-010	1.2614e-010	2.7641e-011	1.2493e-018	4.0573e-012	3.7949e-011	2.6017e-010	4.8425e-010	6.7291e-010	8.4664e-010	9.9055e-010	1.0934e-009
4.7344e-010	4.9235e-010	4.9262e-010	5.0221e-010	5.1925e-010	5.3257e-010	5.4589e-010	5.3869e-010	5.4082e-010	5.4855e-010	5.4508e-010	5.1179e-010	4.8222e-010	4.7875e-010	5.0885e-010	5.3336e-010	5.4108e-010	5.488e-010	5.4161e-010	5.2509e-010	4.7874e-010	4.1374e-010	3.301e-010	2.4646e-010	2.0757e-010	2.4512e-010	2.8828e-010	3.1837e-010	3.3356e-010	3.6925e-010	4.4969e-010	5.2827e-010	5.7888e-010	6.1084e-010	6.3349e-010	6.468e-010	6.5826e-010	6.5479e-010	6.3827e-010	6.2922e-010	6.6118e-010	6.9501e-010	7.0087e-010	7.03e-010	6.7902e-010	6.681e-010	6.4972e-010	6.2947e-010	6.3346e-010	6.7289e-010	6.862e-010	6.8833e-010	6.6809e-010	6.8141e-010	6.9659e-010	6.9312e-010	6.4304e-010	5.3702e-010	3.5456e-010	2.0006e-010	5.8611e-011	1.0395e-011	3.2017e-012	1.6519e-011	1.0815e-010	3.0793e-010	4.7601e-010	6.5155e-010	8.1963e-010	9.5229e-010
5.0634e-010	5.1773e-010	5.2539e-010	5.2745e-010	5.3511e-010	5.4837e-010	5.523e-010	5.4318e-010	5.4338e-010	5.4731e-010	5.4938e-010	5.4399e-010	5.2181e-010	5.2761e-010	5.5391e-010	5.6903e-010	5.8229e-010	6.03e-010	6.0507e-010	5.8476e-010	5.458e-010	4.9939e-010	4.5297e-010	3.9724e-010	3.5455e-010	3.8832e-010	4.2208e-010	4.3906e-010	4.3927e-010	4.6744e-010	5.1426e-010	5.5361e-010	5.8179e-010	6.0809e-010	6.3813e-010	6.8122e-010	6.9261e-010	6.8535e-010	6.6877e-010	6.4846e-010	6.5798e-010	6.8243e-010	6.8449e-010	6.6978e-010	6.7557e-010	6.7205e-010	6.6479e-010	6.5007e-010	6.5773e-010	6.9896e-010	7.2713e-010	7.2174e-010	6.9397e-010	6.9417e-010	7.1675e-010	7.0576e-010	6.5002e-010	5.3462e-010	3.4463e-010	1.9753e-010	5.4152e-011	1.1467e-011	1.3534e-011	1.56e-011	2.326e-011	8.8724e-011	2.5488e-010	4.6019e-010	6.1329e-010	7.7944e-010
5.3364e-010	5.2818e-010	5.2646e-010	5.3219e-010	5.4165e-010	5.3993e-010	5.3633e-010	5.4207e-010	5.6085e-010	5.6472e-010	5.7605e-010	5.5194e-010	5.4276e-010	5.6341e-010	5.7847e-010	5.8793e-010	5.9739e-010	6.1058e-010	6.1818e-010	5.8475e-010	5.6997e-010	5.5706e-010	5.4601e-010	5.0699e-010	4.8662e-010	4.9235e-010	5.1114e-010	5.2246e-010	5.226e-010	5.3952e-010	5.6577e-010	5.976e-010	6.052e-010	6.2212e-010	6.5769e-010	7.0071e-010	7.0458e-010	6.9726e-010	6.7316e-010	6.6024e-010	6.4547e-010	6.5306e-010	6.5134e-010	6.5334e-010	6.7958e-010	7.0023e-010	7.0224e-010	6.9119e-010	6.876e-010	7.1197e-010	7.4008e-010	7.309e-010	7.012e-010	7.0321e-010	7.1453e-010	6.923e-010	6.4209e-010	5.0984e-010	3.1606e-010	1.3719e-010	3.2912e-011	1.8133e-011	1.4543e-011	1.2817e-011	2.0414e-011	2.2417e-011	5.2389e-011	2.3526e-010	4.3491e-010	6.4576e-010
5.2738e-010	5.3118e-010	5.4058e-010	5.5557e-010	5.5751e-010	5.464e-010	5.2969e-010	5.5401e-010	5.9138e-010	6.0823e-010	6.0644e-010	5.8974e-010	5.693e-010	5.6938e-010	5.8064e-010	5.7512e-010	5.8266e-010	6.1443e-010	6.2197e-010	6.2204e-010	6.072e-010	5.8676e-010	5.8497e-010	5.7759e-010	5.6088e-010	5.6469e-010	5.5731e-010	5.6111e-010	5.7424e-010	5.9296e-010	6.3033e-010	6.5091e-010	6.3794e-010	6.4174e-010	6.6046e-010	6.7919e-010	6.9604e-010	6.8866e-010	6.6636e-010	6.4965e-010	6.5159e-010	6.498e-010	6.2937e-010	6.6114e-010	7.0224e-010	7.3028e-010	7.3782e-010	7.1738e-010	6.8762e-010	6.9702e-010	7.0829e-010	6.9531e-010	6.842e-010	7.0105e-010	7.1045e-010	6.8815e-010	6.1924e-010	4.7947e-010	2.8748e-010	1.0856e-010	3.7776e-011	2.6664e-011	6.2285e-012	6.3039e-012	8.2439e-012	1.2049e-011	1.3989e-011	5.695e-011	2.3044e-010	4.841e-010
5.1738e-010	5.3045e-010	5.6775e-010	5.976e-010	5.9388e-010	5.7711e-010	5.5102e-010	5.6968e-010	6.1817e-010	6.387e-010	6.3871e-010	6.0516e-010	5.7906e-010	5.7721e-010	5.6604e-010	5.6045e-010	5.7165e-010	6.015e-010	6.3508e-010	6.5187e-010	6.4069e-010	6.2393e-010	5.9783e-010	6.0157e-010	6.1277e-010	6.016e-010	5.9415e-010	5.8857e-010	5.9977e-010	6.5013e-010	6.7438e-010	6.8745e-010	6.6881e-010	6.3899e-010	6.4273e-010	6.5393e-010	6.5767e-010	6.5582e-010	6.4464e-010	6.4466e-010	6.6704e-010	6.7638e-010	6.708e-010	6.7827e-010	7.0998e-010	7.2864e-010	7.3984e-010	7.1561e-010	6.8765e-010	6.7461e-010	6.6903e-010	6.6718e-010	6.6346e-010	6.9517e-010	7.1943e-010	6.9333e-010	6.0944e-010	4.6214e-010	2.5518e-010	7.4327e-011	3.3318e-011	2.7736e-011	1.0967e-011	1.6558e-012	5.3973e-012	1.1003e-011	1.661e-011	2.0351e-011	6.6979e-011	2.7583e-010
5.1485e-010	5.3718e-010	5.8374e-010	6.2098e-010	6.3025e-010	6.0969e-010	5.7608e-010	5.8349e-010	6.2073e-010	6.4678e-010	6.4673e-010	6.1312e-010	5.8323e-010	5.7386e-010	5.6075e-010	5.4952e-010	5.5879e-010	6.1468e-010	6.4446e-010	6.6119e-010	6.6487e-010	6.3871e-010	6.1069e-010	6.181e-010	6.3297e-010	6.4783e-010	6.3659e-010	6.2349e-010	6.1971e-010	6.4949e-010	6.6809e-010	6.6617e-010	6.4375e-010	6.3064e-010	6.4737e-010	6.4919e-010	6.51e-010	6.4536e-010	6.2293e-010	6.5458e-010	6.9555e-010	7.2347e-010	7.085e-010	6.8234e-010	6.8975e-010	7.0835e-010	7.1202e-010	7.0451e-010	6.8022e-010	6.6339e-010	6.5961e-010	6.5024e-010	6.4459e-010	6.8183e-010	7.0229e-010	6.7427e-010	5.9404e-010	4.2991e-010	2.1915e-010	5.1285e-011	1.9536e-011	2.135e-011	8.2463e-012	4.4662e-012	1.3738e-011	1.7417e-011	2.4824e-011	2.6638e-011	3.0316e-011	1.0858e-010
5.3656e-010	5.4763e-010	5.8108e-010	6.1453e-010	6.2374e-010	6.1617e-010	5.8435e-010	5.8051e-010	6.0464e-010	6.213e-010	6.2678e-010	6.0616e-010	5.8926e-010	5.7983e-010	5.8717e-010	5.8146e-010	5.7762e-010	6.0547e-010	6.4079e-010	6.5746e-010	6.5361e-010	6.3858e-010	6.1423e-010	6.4581e-010	6.774e-010	6.8661e-010	6.7717e-010	6.4908e-010	6.3032e-010	6.3208e-010	6.4688e-010	6.2998e-010	6.1682e-010	6.3348e-010	6.6693e-010	6.8733e-010	6.8349e-010	6.6286e-010	6.441e-010	6.6636e-010	7.0913e-010	7.3513e-010	7.0891e-010	6.8269e-010	6.7698e-010	6.8432e-010	6.7862e-010	6.6358e-010	6.5788e-010	6.6149e-010	6.7257e-010	6.6686e-010	6.4623e-010	6.2934e-010	6.3109e-010	6.0673e-010	5.1712e-010	3.5851e-010	1.8312e-010	3.5702e-011	1.1348e-011	1.1234e-011	1.2985e-011	1.287e-011	1.835e-011	2.1965e-011	3.3039e-011	3.2925e-011	4.2134e-011	1.2779e-010
5.564e-010	5.5809e-010	5.7096e-010	5.9503e-010	6.1349e-010	6.0027e-010	5.8331e-010	5.7194e-010	5.8855e-010	5.9956e-010	5.9565e-010	5.8801e-010	5.9716e-010	6.1936e-010	6.341e-010	6.3019e-010	6.1696e-010	6.1119e-010	6.222e-010	6.3694e-010	6.4422e-010	6.2726e-010	6.1776e-010	6.5488e-010	6.9013e-010	7.1046e-010	6.9537e-010	6.5603e-010	6.484e-010	6.5381e-010	6.4431e-010	6.3295e-010	6.2158e-010	6.5124e-010	6.9395e-010	7.1615e-010	7.197e-010	6.9342e-010	6.5968e-010	6.5764e-010	6.817e-010	6.9644e-010	6.8507e-010	6.6811e-010	6.6234e-010	6.5471e-010	6.4334e-010	6.2825e-010	6.4485e-010	6.7265e-010	6.7806e-010	6.6856e-010	6.2177e-010	5.5633e-010	5.0208e-010	4.5901e-010	3.8052e-010	2.4982e-010	1.2844e-010	1.8254e-011	1.2956e-012	1.9765e-011	2.3317e-011	1.941e-011	3.0421e-011	2.8379e-011	3.7525e-011	5.04e-011	1.0616e-010	2.3837e-010
5.4268e-010	5.443e-010	5.5898e-010	5.7925e-010	5.902e-010	5.8436e-010	5.7294e-010	5.7456e-010	5.8178e-010	5.6849e-010	5.6452e-010	5.736e-010	5.9946e-010	6.3838e-010	6.6051e-010	6.5654e-010	6.4139e-010	6.225e-010	6.204e-010	6.3507e-010	6.367e-010	6.2154e-010	6.1757e-010	6.453e-010	6.7116e-010	6.8211e-010	6.6695e-010	6.4993e-010	6.5901e-010	6.7555e-010	6.865e-010	6.7507e-010	6.5619e-010	6.69e-010	7.0046e-010	7.2632e-010	7.2795e-010	6.9787e-010	6.6593e-010	6.5823e-010	6.5799e-010	6.6335e-010	6.5192e-010	6.5168e-010	6.6635e-010	6.7357e-010	6.6214e-010	6.4699e-010	6.3369e-010	6.4278e-010	6.4813e-010	6.1619e-010	5.5442e-010	4.7213e-010	4.0104e-010	3.4672e-010	2.4393e-010	1.2622e-010	4.3933e-011	1.1994e-011	8.0247e-012	2.0837e-011	4.8566e-011	9.1212e-011	1.0589e-010	7.2084e-011	4.7604e-011	4.5499e-011	1.3849e-010	2.6691e-010
5.1777e-010	5.2866e-010	5.5073e-010	5.728e-010	5.7809e-010	5.5727e-010	5.5138e-010	5.2497e-010	5.0415e-010	5.0012e-010	5.2965e-010	5.5732e-010	5.9244e-010	6.313e-010	6.5896e-010	6.5866e-010	6.3411e-010	6.133e-010	6.3724e-010	6.649e-010	6.6646e-010	6.5497e-010	6.3416e-010	6.2826e-010	6.3541e-010	6.3698e-010	6.3481e-010	6.3077e-010	6.6217e-010	6.9543e-010	7.1377e-010	6.9669e-010	6.8147e-010	6.737e-010	6.9018e-010	7.1039e-010	7.0263e-010	6.7995e-010	6.6473e-010	6.5697e-010	6.6412e-010	6.6009e-010	6.5046e-010	6.688e-010	6.9274e-010	6.9244e-010	6.7722e-010	6.3776e-010	5.9084e-010	5.7189e-010	5.4921e-010	5.0788e-010	4.4418e-010	3.6556e-010	3.0932e-010	2.4749e-010	1.3344e-010	3.804e-011	9.7672e-012	2.9974e-011	1.8257e-010	2.9787e-010	3.1435e-010	2.7116e-010	2.5594e-010	1.7919e-010	7.633e-011	4.4327e-011	1.0742e-010	2.1713e-010
4.91e-010	5.1674e-010	5.3315e-010	5.4024e-010	5.3055e-010	4.8543e-010	4.515e-010	4.2503e-010	4.0229e-010	4.3735e-010	5.0411e-010	5.5968e-010	6.0034e-010	6.2235e-010	6.3317e-010	6.2907e-010	6.1006e-010	6.041e-010	6.3916e-010	6.7795e-010	6.9064e-010	6.8468e-010	6.4888e-010	6.2614e-010	6.295e-010	6.2727e-010	6.3436e-010	6.3399e-010	6.6346e-010	6.9479e-010	7.0934e-010	7.0338e-010	6.8064e-010	6.579e-010	6.6499e-010	6.7768e-010	6.7917e-010	6.5084e-010	6.5234e-010	6.7994e-010	7.0754e-010	7.0904e-010	6.9189e-010	6.822e-010	7.0607e-010	6.9452e-010	6.55e-010	5.9123e-010	5.0882e-010	4.6184e-010	4.1486e-010	3.6228e-010	3.0038e-010	2.3475e-010	1.6539e-010	9.7902e-011	3.4138e-011	1.6989e-011	3.5269e-011	2.4933e-010	4.317e-010	5.2643e-010	5.3911e-010	4.7162e-010	3.7989e-010	2.6019e-010	1.3116e-010	4.875e-011	5.2112e-011	1.0582e-010
4.2693e-010	4.4701e-010	4.5964e-010	4.5175e-010	4.2521e-010	3.6325e-010	3.1247e-010	2.9153e-010	3.0416e-010	3.8018e-010	4.7484e-010	5.6018e-010	6.101e-010	6.1153e-010	6.1483e-010	6.144e-010	5.9346e-010	6.0981e-010	6.4108e-010	6.7049e-010	6.8497e-010	6.7709e-010	6.4869e-010	6.3707e-010	6.4596e-010	6.6418e-010	6.7121e-010	6.6332e-010	6.5916e-010	6.7738e-010	6.8813e-010	6.8211e-010	6.5558e-010	6.5328e-010	6.6404e-010	6.8412e-010	6.6877e-010	6.497e-010	6.6791e-010	7.085e-010	7.4537e-010	7.524e-010	7.24e-010	7.0306e-010	7.1754e-010	7.1152e-010	6.6261e-010	5.6149e-010	4.1935e-010	3.3874e-010	2.7305e-010	2.1668e-010	1.4539e-010	7.7837e-011	3.4521e-011	1.9174e-011	1.6879e-011	2.0179e-011	1.4095e-010	3.9038e-010	5.4658e-010	6.2819e-010	6.5014e-010	6.1241e-010	5.1129e-010	3.6915e-010	2.4379e-010	1.5946e-010	1.3479e-010	1.1944e-010
3.3117e-010	3.4746e-010	3.4883e-010	3.2223e-010	2.8071e-010	2.1496e-010	1.6039e-010	1.599e-010	2.228e-010	3.2487e-010	4.4557e-010	5.5136e-010	5.9935e-010	6.1004e-010	6.1887e-010	6.2584e-010	6.1789e-010	6.174e-010	6.2809e-010	6.4811e-010	6.588e-010	6.4712e-010	6.3544e-010	6.3868e-010	6.6988e-010	6.9736e-010	6.9687e-010	6.8519e-010	6.6605e-010	6.5809e-010	6.5387e-010	6.4778e-010	6.361e-010	6.5985e-010	6.8919e-010	7.1294e-010	7.0126e-010	6.7653e-010	6.779e-010	7.147e-010	7.5709e-010	7.6405e-010	7.4119e-010	7.1459e-010	7.1969e-010	7.1547e-010	6.7768e-010	5.6345e-010	3.8208e-010	2.1191e-010	1.2564e-010	5.2431e-011	3.3292e-011	1.6017e-011	1.7389e-011	1.3167e-011	1.4538e-011	3.8285e-011	2.112e-010	4.3073e-010	5.7195e-010	6.5164e-010	6.9403e-010	6.7676e-010	5.9981e-010	4.8371e-010	4.0118e-010	3.2796e-010	3.2747e-010	2.9528e-010
2.727e-010	2.6468e-010	2.1937e-010	1.6474e-010	1.1571e-010	4.9889e-011	-4.7417e-012	3.013e-011	1.3399e-010	2.8447e-010	4.3868e-010	5.4441e-010	5.886e-010	6.0856e-010	6.4156e-010	6.6338e-010	6.6283e-010	6.5295e-010	6.3374e-010	6.3505e-010	6.3263e-010	6.2462e-010	6.1287e-010	6.3842e-010	6.7516e-010	7.0257e-010	7.0574e-010	6.8281e-010	6.5801e-010	6.5373e-010	6.5877e-010	6.4702e-010	6.4087e-010	6.7202e-010	7.1248e-010	7.2684e-010	7.1696e-010	6.9589e-010	6.8788e-010	7.1716e-010	7.4457e-010	7.552e-010	7.3414e-010	7.112e-010	7.1065e-010	6.9331e-010	6.3495e-010	5.2252e-010	3.299e-010	1.4102e-010	4.3504e-011	2.4301e-011	2.7474e-011	2.5053e-011	2.6362e-011	3.1399e-011	9.9834e-011	1.8132e-010	2.6467e-010	4.0396e-010	5.2461e-010	6.0982e-010	6.5775e-010	6.7211e-010	6.2494e-010	5.9455e-010	5.5297e-010	4.7969e-010	4.4184e-010	4.04e-010
2.5338e-010	2.3225e-010	1.3094e-010	1.658e-011	-3.6249e-011	-6.4838e-011	-6.5457e-011	-4.1837e-011	1.0485e-010	2.8137e-010	4.206e-010	5.1321e-010	5.6666e-010	6.0147e-010	6.4933e-010	6.7482e-010	6.8166e-010	6.6985e-010	6.4126e-010	6.2759e-010	6.3629e-010	6.3754e-010	6.2387e-010	6.4003e-010	6.5806e-010	6.8354e-010	6.7919e-010	6.6366e-010	6.4998e-010	6.6801e-010	6.9163e-010	6.8542e-010	6.5496e-010	6.7299e-010	7.0407e-010	7.2023e-010	7.1775e-010	7.0035e-010	6.7176e-010	6.8419e-010	7.0222e-010	7.0906e-010	6.9352e-010	6.7798e-010	6.7737e-010	6.4318e-010	5.5493e-010	4.2378e-010	2.6094e-010	1.0929e-010	2.8489e-011	2.2276e-011	2.1656e-011	2.2901e-011	7.2627e-011	1.8948e-010	2.7277e-010	3.43e-010	4.0205e-010	4.4805e-010	5.1083e-010	5.8106e-010	6.2519e-010	6.5254e-010	6.6311e-010	6.7182e-010	6.5069e-010	6.0532e-010	5.5435e-010	5.0339e-010
2.1169e-010	1.7372e-010	4.4374e-011	-7.1916e-011	-7.6327e-011	-7.701e-011	-6.6505e-011	-3.7353e-011	1.2046e-010	2.6149e-010	3.82e-010	4.8201e-010	5.5405e-010	5.9812e-010	6.3659e-010	6.6388e-010	6.7065e-010	6.5505e-010	6.3386e-010	6.425e-010	6.586e-010	6.747e-010	6.7029e-010	6.4909e-010	6.4095e-010	6.5705e-010	6.4705e-010	6.3518e-010	6.3822e-010	6.8602e-010	7.189e-010	7.1449e-010	6.7651e-010	6.6651e-010	6.7701e-010	6.8938e-010	6.8497e-010	6.6751e-010	6.5004e-010	6.4936e-010	6.6546e-010	6.6664e-010	6.5291e-010	6.5222e-010	6.4968e-010	5.9492e-010	4.749e-010	3.4743e-010	2.1995e-010	7.5689e-011	2.2797e-011	2.2115e-011	2.1432e-011	7.6688e-011	2.2145e-010	3.3078e-010	4.14e-010	4.8977e-010	5.2638e-010	5.4807e-010	5.8095e-010	6.1943e-010	6.4858e-010	6.7027e-010	6.8078e-010	7.0993e-010	7.1111e-010	6.9365e-010	6.4635e-010	6.0464e-010
1.2152e-010	1.1518e-010	8.1509e-012	-7.6503e-011	-7.5384e-011	-7.0536e-011	-6.3823e-011	-1.7953e-011	1.3606e-010	2.5093e-010	3.5087e-010	4.7132e-010	5.5262e-010	6.0036e-010	6.2012e-010	6.3989e-010	6.4473e-010	6.2348e-010	6.2833e-010	6.5369e-010	6.8464e-010	7.0627e-010	6.9247e-010	6.563e-010	6.4623e-010	6.4548e-010	6.4287e-010	6.3467e-010	6.3765e-010	6.6487e-010	6.9769e-010	6.9695e-010	6.5891e-010	6.507e-010	6.5182e-010	6.5481e-010	6.4474e-010	6.3094e-010	6.3019e-010	6.4623e-010	6.5294e-010	6.5965e-010	6.5331e-010	6.3579e-010	6.1267e-010	5.4666e-010	4.1725e-010	3.065e-010	1.8455e-010	4.955e-011	1.1512e-011	2.0089e-011	4.7313e-011	1.8455e-010	3.2365e-010	4.4038e-010	5.2354e-010	5.6941e-010	5.9477e-010	6.0334e-010	6.343e-010	6.5779e-010	6.8315e-010	6.9173e-010	7.0217e-010	7.1634e-010	7.3051e-010	7.2604e-010	7.0292e-010	6.6861e-010
2.0162e-011	7.0638e-013	-5.9771e-011	-6.9903e-011	-3.7148e-011	-3.7957e-011	-3.8766e-011	-1.7199e-011	1.2557e-010	2.385e-010	3.6076e-010	4.942e-010	5.6984e-010	6.1192e-010	6.2043e-010	6.2522e-010	6.2814e-010	6.1801e-010	6.2279e-010	6.5555e-010	6.883e-010	7.0427e-010	6.9973e-010	6.6909e-010	6.515e-010	6.712e-010	6.7972e-010	6.7331e-010	6.5013e-010	6.5119e-010	6.5784e-010	6.4957e-010	6.3571e-010	6.3117e-010	6.4155e-010	6.4074e-010	6.2688e-010	6.2047e-010	6.2339e-010	6.375e-010	6.5161e-010	6.6013e-010	6.4999e-010	6.1003e-010	5.5514e-010	4.7975e-010	3.7079e-010	2.8048e-010	1.622e-010	2.1546e-011	7.6851e-012	1.4335e-011	8.2517e-011	2.4952e-010	3.9229e-010	5.0895e-010	5.7714e-010	6.0616e-010	6.184e-010	6.4556e-010	6.7459e-010	6.9243e-010	7.1026e-010	7.0946e-010	7.1424e-010	7.2089e-010	7.3873e-010	7.3978e-010	7.2965e-010	7.0274e-010
-4.9498e-011	-3.5453e-011	2.3343e-011	9.5191e-011	1.6145e-010	1.6803e-010	1.1681e-010	7.6786e-011	1.9338e-010	3.249e-010	4.5455e-010	5.3945e-010	5.9452e-010	6.2162e-010	6.3753e-010	6.5903e-010	6.6375e-010	6.4237e-010	6.3777e-010	6.4435e-010	6.6959e-010	6.8363e-010	6.753e-010	6.6138e-010	6.6983e-010	6.9879e-010	7.147e-010	7.045e-010	6.7193e-010	6.5241e-010	6.3849e-010	6.283e-010	6.2556e-010	6.3214e-010	6.4805e-010	6.5464e-010	6.2953e-010	6.0628e-010	6.0168e-010	6.1013e-010	6.279e-010	6.2517e-010	5.9446e-010	5.4325e-010	4.7898e-010	4.0911e-010	3.4671e-010	2.5447e-010	1.1748e-010	4.7302e-012	-1.7357e-012	1.2309e-011	1.2145e-010	2.9212e-010	4.3856e-010	5.5702e-010	6.2141e-010	6.4291e-010	6.495e-010	6.6914e-010	6.9624e-010	7.0842e-010	7.0195e-010	6.9548e-010	6.9648e-010	7.2357e-010	7.5627e-010	7.6845e-010	7.6011e-010	7.406e-010
5.9846e-011	1.5214e-010	2.5003e-010	3.2555e-010	3.5444e-010	3.5351e-010	3.0782e-010	2.64e-010	3.3392e-010	4.4673e-010	5.297e-010	5.7725e-010	6.0242e-010	6.2759e-010	6.5462e-010	6.9284e-010	7.0309e-010	6.8538e-010	6.6207e-010	6.4621e-010	6.5274e-010	6.574e-010	6.49e-010	6.462e-010	6.7697e-010	7.1705e-010	7.2917e-010	7.1145e-010	6.7882e-010	6.611e-010	6.4525e-010	6.4245e-010	6.2287e-010	6.2193e-010	6.3591e-010	6.3125e-010	5.9675e-010	5.4174e-010	5.203e-010	5.4174e-010	5.464e-010	5.3427e-010	4.8859e-010	4.3917e-010	3.9908e-010	3.5899e-010	3.0398e-010	2.1354e-010	6.5299e-011	2.8311e-012	1.8958e-012	8.4191e-012	1.3614e-010	3.1235e-010	4.6618e-010	5.9576e-010	6.6755e-010	6.8526e-010	6.7687e-010	6.8712e-010	6.9737e-010	7.0762e-010	6.9364e-010	6.7965e-010	6.9363e-010	7.3745e-010	7.7194e-010	7.8778e-010	7.7566e-010	7.5049e-010
2.7547e-010	3.733e-010	4.4875e-010	4.925e-010	5.0269e-010	4.8678e-010	4.4476e-010	4.1206e-010	4.4649e-010	5.1448e-010	5.7875e-010	6.0945e-010	6.1404e-010	6.3355e-010	6.7358e-010	7.0428e-010	7.182e-010	7.0415e-010	6.6772e-010	6.4435e-010	6.4521e-010	6.61e-010	6.5627e-010	6.5713e-010	6.7105e-010	6.9989e-010	7.1194e-010	6.923e-010	6.596e-010	6.4555e-010	6.4642e-010	6.1558e-010	5.7356e-010	5.6884e-010	5.697e-010	5.6497e-010	5.0431e-010	4.3432e-010	4.0908e-010	4.2486e-010	4.3505e-010	4.2846e-010	4.1441e-010	3.7052e-010	3.2291e-010	2.753e-010	2.109e-010	1.1667e-010	2.4306e-011	4.6612e-012	1.7982e-012	2.504e-011	1.8067e-010	3.3071e-010	4.9566e-010	6.1773e-010	6.764e-010	6.8845e-010	6.8372e-010	7.0696e-010	7.2648e-010	7.3107e-010	7.2261e-010	7.0483e-010	7.1129e-010	7.4013e-010	7.7456e-010	7.8475e-010	7.6883e-010	7.4546e-010
4.5008e-010	5.1987e-010	5.7662e-010	5.9979e-010	5.95e-010	5.6784e-010	5.3694e-010	5.135e-010	5.3668e-010	5.6546e-010	6.1474e-010	6.4351e-010	6.611e-010	6.6936e-010	6.8694e-010	7.0826e-010	7.1279e-010	6.9494e-010	6.5659e-010	6.4621e-010	6.7498e-010	6.907e-010	6.971e-010	6.8858e-010	6.6887e-010	6.7713e-010	6.7047e-010	6.6009e-010	6.3852e-010	6.2067e-010	6.1215e-010	5.6821e-010	4.851e-010	4.6726e-010	4.5128e-010	4.1852e-010	3.6152e-010	3.0638e-010	2.7549e-010	3.0612e-010	3.4795e-010	3.8418e-010	3.7007e-010	3.2052e-010	2.6352e-010	1.5991e-010	7.3073e-011	3.4719e-011	5.6883e-012	1.0221e-011	2.7805e-011	1.2184e-010	2.6062e-010	3.7144e-010	4.9531e-010	6.0053e-010	6.5168e-010	6.6926e-010	6.8685e-010	7.1003e-010	7.4812e-010	7.6571e-010	7.6092e-010	7.4494e-010	7.2523e-010	7.3536e-010	7.5853e-010	7.5934e-010	7.4895e-010	7.2552e-010
5.5569e-010	6.0119e-010	6.3362e-010	6.4555e-010	6.3883e-010	6.172e-010	5.881e-010	5.7766e-010	5.728e-010	5.9965e-010	6.4514e-010	6.7758e-010	6.9323e-010	6.9957e-010	6.9285e-010	6.8986e-010	6.8687e-010	6.5032e-010	6.38e-010	6.4247e-010	6.7678e-010	7.0362e-010	7.1741e-010	6.9578e-010	6.7041e-010	6.5624e-010	6.4952e-010	6.5026e-010	6.3235e-010	6.0885e-010	5.6857e-010	4.9659e-010	3.9291e-010	3.4517e-010	3.1234e-010	2.6833e-010	2.1313e-010	1.6353e-010	1.3257e-010	1.8925e-010	2.7203e-010	3.1566e-010	3.3318e-010	3.0595e-010	2.3211e-010	9.8593e-011	9.831e-012	1.6165e-011	6.1656e-011	1.146e-010	1.5637e-010	2.4661e-010	3.5363e-010	4.4574e-010	5.3039e-010	5.9266e-010	6.3815e-010	6.5754e-010	6.7879e-010	7.2241e-010	7.5858e-010	7.7051e-010	7.7498e-010	7.5521e-010	7.3171e-010	7.2685e-010	7.3691e-010	7.3393e-010	7.1415e-010	7.0557e-010
6.2588e-010	6.3215e-010	6.4402e-010	6.3164e-010	6.2859e-010	6.1621e-010	6.113e-010	6.0079e-010	5.9214e-010	6.1333e-010	6.5875e-010	6.8926e-010	7.0486e-010	7.0926e-010	6.8943e-010	6.7333e-010	6.6095e-010	6.3739e-010	6.2315e-010	6.4433e-010	6.7298e-010	7.0163e-010	7.0603e-010	6.8433e-010	6.6077e-010	6.6145e-010	6.6399e-010	6.5534e-010	6.3551e-010	5.9889e-010	5.2498e-010	4.1378e-010	2.9512e-010	2.2308e-010	1.6036e-010	1.051e-010	6.1022e-011	9.3398e-011	1.6307e-010	1.8239e-010	1.9052e-010	2.173e-010	2.3476e-010	2.3544e-010	1.8764e-010	8.0165e-011	7.3383e-011	1.1135e-010	1.6983e-010	2.2831e-010	3.0171e-010	3.807e-010	4.6901e-010	5.5173e-010	5.953e-010	6.2954e-010	6.5445e-010	6.7378e-010	6.8564e-010	7.1056e-010	7.4107e-010	7.5293e-010	7.5548e-010	7.3937e-010	7.1208e-010	7.2394e-010	7.3767e-010	7.4581e-010	7.3343e-010	7.1919e-010
6.4572e-010	6.3888e-010	6.1712e-010	5.8976e-010	5.7919e-010	5.9845e-010	6.1957e-010	6.1459e-010	6.0215e-010	6.1955e-010	6.5372e-010	6.8044e-010	6.9224e-010	6.8353e-010	6.655e-010	6.6239e-010	6.7046e-010	6.6921e-010	6.5863e-010	6.4619e-010	6.5613e-010	6.6793e-010	6.7041e-010	6.5984e-010	6.4926e-010	6.592e-010	6.6727e-010	6.4551e-010	5.9951e-010	5.3672e-010	4.4224e-010	3.086e-010	1.6564e-010	7.8615e-011	3.2613e-011	2.9497e-011	8.9778e-011	1.9481e-010	2.5509e-010	2.7435e-010	2.6564e-010	2.2896e-010	2.0161e-010	1.5747e-010	1.1333e-010	1.5497e-010	2.022e-010	2.6248e-010	3.3022e-010	4.0355e-010	4.6383e-010	5.2412e-010	5.7134e-010	6.0925e-010	6.4716e-010	6.7201e-010	6.8941e-010	7.0307e-010	6.9623e-010	7.0803e-010	7.1424e-010	7.2604e-010	7.1919e-010	7.0675e-010	7.0177e-010	7.2663e-010	7.608e-010	7.7074e-010	7.6203e-010	7.4213e-010
6.3387e-010	6.3069e-010	6.0327e-010	5.7772e-010	5.7454e-010	5.9746e-010	6.1479e-010	6.284e-010	6.2335e-010	6.2763e-010	6.4124e-010	6.5857e-010	6.5539e-010	6.4848e-010	6.453e-010	6.6823e-010	6.9488e-010	7.0476e-010	6.9225e-010	6.7043e-010	6.542e-010	6.5288e-010	6.5343e-010	6.5212e-010	6.5081e-010	6.5136e-010	6.6123e-010	6.3568e-010	5.9334e-010	5.1185e-010	4.0611e-010	2.4631e-010	8.8363e-011	1.6194e-011	2.2338e-011	1.068e-010	1.9312e-010	2.7012e-010	3.1542e-010	3.5699e-010	3.7992e-010	3.5436e-010	3.1203e-010	2.6223e-010	2.0312e-010	2.4842e-010	3.2542e-010	4.0988e-010	4.7942e-010	5.2658e-010	5.5137e-010	5.9854e-010	6.2333e-010	6.4626e-010	6.6359e-010	6.9024e-010	6.9639e-010	6.9694e-010	6.9189e-010	6.9244e-010	7.0232e-010	7.1965e-010	7.1274e-010	6.8532e-010	6.9893e-010	7.3304e-010	7.6529e-010	7.8635e-010	7.7385e-010	7.5389e-010
6.1269e-010	6.1504e-010	6.0061e-010	5.7499e-010	5.6243e-010	5.797e-010	5.9883e-010	6.1796e-010	6.2591e-010	6.2267e-010	6.3248e-010	6.3856e-010	6.2972e-010	6.2835e-010	6.3816e-010	6.6661e-010	7.0439e-010	7.142e-010	7.0537e-010	6.7788e-010	6.5786e-010	6.6767e-010	6.7562e-010	6.8356e-010	6.7286e-010	6.6216e-010	6.6451e-010	6.6127e-010	6.3006e-010	5.6342e-010	4.2965e-010	2.5487e-010	1.0432e-010	4.3274e-011	1.0716e-010	2.1393e-010	2.9832e-010	3.8645e-010	4.6898e-010	5.2354e-010	5.52e-010	5.1519e-010	4.3177e-010	3.7073e-010	3.3579e-010	3.6051e-010	4.3559e-010	5.2185e-010	5.82e-010	6.0486e-010	6.184e-010	6.3194e-010	6.5667e-010	6.758e-010	6.8934e-010	6.9729e-010	6.9405e-010	6.8335e-010	6.7451e-010	6.8246e-010	7.1837e-010	7.4123e-010	7.5291e-010	7.2356e-010	7.0727e-010	7.2267e-010	7.5859e-010	7.6653e-010	7.6329e-010	7.3394e-010
5.9524e-010	5.8634e-010	5.6625e-010	5.2006e-010	5.1489e-010	5.3769e-010	5.5863e-010	5.8329e-010	5.9677e-010	6.0838e-010	6.1999e-010	6.3906e-010	6.3948e-010	6.3245e-010	6.2542e-010	6.5194e-010	6.822e-010	6.9008e-010	6.8119e-010	6.611e-010	6.6152e-010	6.8246e-010	7.1085e-010	7.0941e-010	6.8932e-010	6.6551e-010	6.5474e-010	6.5703e-010	6.1643e-010	5.3482e-010	4.0285e-010	2.8953e-010	2.247e-010	1.9342e-010	2.5724e-010	3.5463e-010	4.7625e-010	5.4567e-010	5.9457e-010	6.3415e-010	6.4203e-010	6.1076e-010	5.4033e-010	4.9041e-010	4.6473e-010	5.1922e-010	5.7559e-010	6.1703e-010	6.4729e-010	6.5517e-010	6.556e-010	6.728e-010	6.8069e-010	6.923e-010	7.0018e-010	7.2111e-010	7.2154e-010	7.0891e-010	6.9069e-010	6.9298e-010	7.3069e-010	7.7027e-010	7.8189e-010	7.4688e-010	7.1747e-010	7.123e-010	7.3137e-010	7.3553e-010	7.3409e-010	7.14e-010
5.3863e-010	5.1475e-010	4.7968e-010	4.2597e-010	4.2447e-010	4.7331e-010	5.2029e-010	5.5421e-010	5.7881e-010	6.0528e-010	6.2428e-010	6.4515e-010	6.567e-010	6.4774e-010	6.3878e-010	6.3541e-010	6.5255e-010	6.5851e-010	6.4582e-010	6.3126e-010	6.4654e-010	6.8979e-010	7.1625e-010	7.1661e-010	6.9646e-010	6.6699e-010	6.5243e-010	6.4347e-010	5.8416e-010	5.0248e-010	4.3758e-010	3.8573e-010	3.4693e-010	3.417e-010	3.8868e-010	4.8786e-010	5.9078e-010	6.4521e-010	6.6609e-010	6.8509e-010	6.8172e-010	6.5225e-010	6.06e-010	5.8771e-010	5.9367e-010	6.3878e-010	6.7457e-010	6.8052e-010	6.8648e-010	6.7379e-010	6.7042e-010	6.8569e-010	6.8606e-010	6.8455e-010	7.0729e-010	7.3562e-010	7.4903e-010	7.438e-010	7.2178e-010	6.9977e-010	7.2251e-010	7.5457e-010	7.5866e-010	7.2918e-010	7.1649e-010	7.0193e-010	7.2281e-010	7.3249e-010	7.2353e-010	7.1457e-010
4.466e-010	4.0774e-010	3.5023e-010	3.1697e-010	3.4337e-010	3.9028e-010	4.5771e-010	5.1581e-010	5.4034e-010	5.7234e-010	6.0061e-010	6.3447e-010	6.4968e-010	6.5185e-010	6.3909e-010	6.3193e-010	6.3782e-010	6.3998e-010	6.3469e-010	6.238e-010	6.3901e-010	6.7474e-010	6.9555e-010	6.9957e-010	6.7004e-010	6.4609e-010	6.352e-010	6.3364e-010	6.1902e-010	5.9135e-010	5.3757e-010	4.9498e-010	4.7663e-010	4.8066e-010	4.8096e-010	5.5957e-010	6.4564e-010	6.8137e-010	6.9658e-010	6.9688e-010	6.7667e-010	6.4526e-010	6.3064e-010	6.5518e-010	6.6294e-010	6.9494e-010	7.1947e-010	7.1418e-010	6.9956e-010	6.7934e-010	6.7778e-010	6.7621e-010	6.7464e-010	6.7121e-010	7.088e-010	7.4826e-010	7.6347e-010	7.5818e-010	7.2677e-010	6.991e-010	7.0313e-010	7.2021e-010	7.0932e-010	6.947e-010	6.8567e-010	7.0835e-010	7.3848e-010	7.5369e-010	7.5213e-010	7.3751e-010
3.1354e-010	2.4851e-010	2.0213e-010	2.0796e-010	2.3243e-010	2.9047e-010	3.6716e-010	4.2333e-010	4.7018e-010	4.9838e-010	5.5083e-010	6.1259e-010	6.2961e-010	6.3357e-010	6.3194e-010	6.3404e-010	6.5292e-010	6.6808e-010	6.7017e-010	6.5922e-010	6.52e-010	6.6156e-010	6.7298e-010	6.6948e-010	6.548e-010	6.3825e-010	6.3476e-010	6.4432e-010	6.6133e-010	6.4851e-010	6.1519e-010	5.8559e-010	5.8582e-010	5.73e-010	5.7324e-010	6.0517e-010	6.7626e-010	6.8955e-010	6.8419e-010	6.8442e-010	6.7533e-010	6.5692e-010	6.497e-010	6.6485e-010	6.8746e-010	7.0261e-010	7.0844e-010	6.9935e-010	6.9026e-010	6.7372e-010	6.8141e-010	6.8351e-010	6.7255e-010	6.7838e-010	7.0472e-010	7.4411e-010	7.5554e-010	7.4645e-010	7.1871e-010	6.8911e-010	6.8562e-010	6.9518e-010	6.9355e-010	6.7886e-010	6.8469e-010	7.1849e-010	7.5229e-010	7.7863e-010	7.7327e-010	7.4926e-010
1.7489e-010	9.6745e-011	4.8437e-011	6.9119e-011	8.7936e-011	1.4778e-010	2.4304e-010	3.1407e-010	3.6645e-010	4.1697e-010	4.824e-010	5.4783e-010	5.8903e-010	6.1344e-010	6.2293e-010	6.3243e-010	6.6243e-010	7.0922e-010	7.1685e-010	6.8905e-010	6.6685e-010	6.6329e-010	6.7838e-010	6.8414e-010	6.8245e-010	6.677e-010	6.5482e-010	6.5499e-010	6.6076e-010	6.4974e-010	6.3686e-010	6.389e-010	6.3534e-010	6.3178e-010	6.2822e-010	6.3585e-010	6.5654e-010	6.7349e-010	6.7366e-010	6.9248e-010	7.0384e-010	7.0587e-010	6.8181e-010	6.596e-010	6.7096e-010	6.7859e-010	6.6944e-010	6.5469e-010	6.5486e-010	6.6995e-010	6.8691e-010	6.8894e-010	6.9284e-010	6.9115e-010	6.9132e-010	7.0827e-010	7.1963e-010	7.0675e-010	6.8641e-010	6.7167e-010	6.9794e-010	6.9998e-010	7.0947e-010	6.9473e-010	6.9117e-010	7.1745e-010	7.5304e-010	7.7186e-010	7.6457e-010	7.4237e-010
3.6238e-011	-4.676e-012	-1.762e-011	-1.3783e-011	-1.181e-011	2.932e-011	1.1147e-010	1.9176e-010	2.5899e-010	3.2436e-010	3.9719e-010	4.7748e-010	5.4285e-010	5.933e-010	6.2697e-010	6.4013e-010	6.6635e-010	7.0188e-010	7.1131e-010	6.9651e-010	6.6678e-010	6.7808e-010	7.0988e-010	7.1931e-010	7.2129e-010	7.0088e-010	6.7675e-010	6.6754e-010	6.6951e-010	6.6775e-010	6.5294e-010	6.4746e-010	6.5316e-010	6.514e-010	6.4778e-010	6.5535e-010	6.5732e-010	6.6116e-010	6.8178e-010	7.1732e-010	7.2861e-010	7.2686e-010	7.0272e-010	6.5995e-010	6.5073e-010	6.5643e-010	6.4349e-010	6.2868e-010	6.3998e-010	6.6432e-010	6.7376e-010	6.8692e-010	6.9635e-010	7.0205e-010	6.9283e-010	6.9294e-010	6.9678e-010	6.7824e-010	6.6343e-010	6.7659e-010	6.8975e-010	7.0664e-010	7.1794e-010	7.2551e-010	7.1256e-010	7.1454e-010	7.2956e-010	7.3899e-010	7.3537e-010	7.1124e-010
-1.2911e-011	-1.4731e-011	-1.8415e-011	-1.6505e-011	-1.8325e-011	-1.828e-011	4.1133e-013	5.6395e-011	1.4408e-010	2.299e-010	3.1758e-010	4.0526e-010	4.7616e-010	5.6944e-010	6.3661e-010	6.5344e-010	6.6094e-010	6.8149e-010	6.834e-010	6.7226e-010	6.5552e-010	6.7422e-010	7.1901e-010	7.4516e-010	7.3588e-010	7.1728e-010	6.8749e-010	6.8381e-010	7.0064e-010	7.0441e-010	6.97e-010	6.728e-010	6.5979e-010	6.617e-010	6.5988e-010	6.6552e-010	6.5997e-010	6.6375e-010	6.8617e-010	7.2724e-010	7.3474e-010	7.3292e-010	6.9754e-010	6.6215e-010	6.5661e-010	6.6411e-010	6.5297e-010	6.325e-010	6.2882e-010	6.3818e-010	6.4755e-010	6.5692e-010	6.7748e-010	6.7939e-010	6.8316e-010	6.8694e-010	6.9257e-010	6.7024e-010	6.4418e-010	6.3491e-010	6.3682e-010	6.7415e-010	7.1149e-010	7.2832e-010	7.1904e-010	7.079e-010	7.0608e-010	7.0426e-010	6.9311e-010	6.7638e-010
-9.8506e-012	-2.2921e-011	-2.6668e-011	-1.9228e-011	-1.7382e-011	-1.9264e-011	-1.7418e-011	-1.3707e-011	3.8485e-011	1.4475e-010	2.4729e-010	3.4982e-010	4.5795e-010	5.6049e-010	6.2946e-010	6.4809e-010	6.5553e-010	6.6856e-010	6.76e-010	6.7785e-010	6.5732e-010	6.6476e-010	7.0017e-010	7.2253e-010	7.1878e-010	6.9825e-010	6.7399e-010	6.833e-010	7.2244e-010	7.3547e-010	7.2054e-010	6.9069e-010	6.7202e-010	6.7387e-010	6.8504e-010	6.8875e-010	6.7941e-010	6.7939e-010	6.7937e-010	6.98e-010	7.0917e-010	7.0169e-010	6.737e-010	6.6063e-010	6.6621e-010	6.6992e-010	6.6058e-010	6.1395e-010	5.6545e-010	5.6729e-010	5.7846e-010	5.9709e-010	6.325e-010	6.5486e-010	6.6603e-010	6.7906e-010	6.7345e-010	6.4173e-010	5.8951e-010	5.466e-010	5.4472e-010	6.0064e-010	6.5283e-010	6.8265e-010	7.05e-010	7.199e-010	7.2548e-010	7.0681e-010	6.8629e-010	6.8254e-010
-6.7899e-012	-8.7358e-012	-1.4411e-011	-1.6357e-011	-1.0844e-011	-1.652e-011	-1.2872e-011	-1.1088e-011	1.3071e-011	1.1927e-010	2.4226e-010	3.5219e-010	4.528e-010	5.4968e-010	6.1859e-010	6.3902e-010	6.5199e-010	6.8174e-010	7.0217e-010	7.0955e-010	6.8895e-010	6.6836e-010	6.776e-010	6.8312e-010	6.8863e-010	6.6244e-010	6.549e-010	6.9211e-010	7.256e-010	7.423e-010	7.2916e-010	6.9552e-010	6.7865e-010	6.9536e-010	7.1019e-010	7.1757e-010	7.0816e-010	6.8944e-010	6.7817e-010	6.7809e-010	6.8173e-010	6.7419e-010	6.4987e-010	6.442e-010	6.4412e-010	6.4031e-010	6.1225e-010	5.5251e-010	4.797e-010	4.4792e-010	4.6649e-010	5.2048e-010	5.5769e-010	5.9117e-010	6.2279e-010	6.283e-010	6.0398e-010	5.5915e-010	4.7143e-010	4.2474e-010	4.2092e-010	4.8238e-010	5.4756e-010	6.0901e-010	6.6114e-010	7.2072e-010	7.3742e-010	7.3361e-010	7.2234e-010	6.9989e-010
1.062e-018	-2.0091e-012	-7.7474e-012	-1.3486e-011	-1.5495e-011	-1.7504e-011	-1.019e-011	8.5337e-013	2.4949e-011	1.4414e-010	2.5774e-010	3.5082e-010	4.6069e-010	5.5751e-010	6.1144e-010	6.3367e-010	6.5777e-010	6.9491e-010	7.2647e-010	7.3378e-010	7.1499e-010	6.8501e-010	6.6995e-010	6.754e-010	6.7339e-010	6.6579e-010	6.6191e-010	6.8042e-010	7.0451e-010	7.2301e-010	7.0982e-010	6.8357e-010	6.741e-010	6.9447e-010	7.2602e-010	7.3893e-010	7.22e-010	6.9389e-010	6.7883e-010	6.7682e-010	6.7667e-010	6.6348e-010	6.4282e-010	6.1098e-010	5.7541e-010	5.3983e-010	5.024e-010	4.314e-010	3.5853e-010	3.1737e-010	3.5078e-010	4.1404e-010	4.5678e-010	4.9393e-010	5.2362e-010	5.2347e-010	4.8044e-010	4.1504e-010	3.4217e-010	2.8982e-010	2.7103e-010	3.175e-010	4.0313e-010	5.0181e-010	5.9116e-010	6.6747e-010	7.0835e-010	7.3244e-010	7.3043e-010	7.1724e-010
4.9253e-012	-6.4701e-012	-4.8131e-012	5.7315e-013	-5.2284e-012	-5.436e-012	-7.5082e-012	5.3365e-012	5.3609e-011	1.8952e-010	2.8441e-010	3.6438e-010	4.7418e-010	5.8585e-010	6.3972e-010	6.4697e-010	6.5982e-010	7.0063e-010	7.2653e-010	7.3751e-010	7.2425e-010	7.0166e-010	6.94e-010	7.0871e-010	7.1596e-010	7.1016e-010	6.913e-010	6.7804e-010	6.8343e-010	6.9441e-010	6.9047e-010	6.6975e-010	6.6768e-010	6.8612e-010	7.1202e-010	7.2673e-010	7.116e-010	6.8902e-010	6.7576e-010	6.8114e-010	6.828e-010	6.7141e-010	6.3764e-010	5.7217e-010	4.8991e-010	4.1699e-010	3.5525e-010	2.9537e-010	2.4295e-010	1.7376e-010	2.0711e-010	2.7776e-010	3.279e-010	3.7617e-010	4.0952e-010	4.1491e-010	3.9792e-010	3.1567e-010	2.1291e-010	1.4744e-010	1.118e-010	1.4143e-010	2.5123e-010	3.7782e-010	4.9881e-010	5.7692e-010	6.5316e-010	6.9771e-010	7.0682e-010	6.9729e-010
1.7309e-011	9.5798e-012	5.5797e-012	9.0382e-012	8.7674e-012	-8.2653e-013	1.1955e-011	5.4571e-011	1.494e-010	2.6287e-010	3.4464e-010	4.1522e-010	5.1564e-010	6.142e-010	6.6054e-010	6.5654e-010	6.5814e-010	6.8024e-010	7.0235e-010	7.1513e-010	7.0926e-010	6.9594e-010	7.1059e-010	7.3269e-010	7.3988e-010	7.3028e-010	7.1323e-010	6.8872e-010	6.8286e-010	6.975e-010	7.0469e-010	6.9696e-010	6.8364e-010	6.7964e-010	6.9055e-010	6.9774e-010	6.9188e-010	6.6737e-010	6.5964e-010	6.7055e-010	6.7215e-010	6.5137e-010	5.9329e-010	5.1844e-010	4.2121e-010	3.1092e-010	2.2861e-010	1.5189e-010	9.1948e-011	3.9468e-011	7.276e-011	1.4148e-010	2.0834e-010	2.7706e-010	3.2527e-010	3.4364e-010	3.3405e-010	2.5173e-010	1.0975e-010	4.0489e-011	2.1572e-011	4.3677e-011	1.5901e-010	2.8927e-010	4.2884e-010	5.4791e-010	6.2409e-010	6.7975e-010	6.9067e-010	6.8853e-010
1.136e-010	4.2411e-011	2.1566e-011	1.5639e-011	1.344e-011	5.2263e-011	1.4516e-010	2.3806e-010	3.3841e-010	4.1639e-010	4.8319e-010	5.3693e-010	5.7388e-010	6.2576e-010	6.7391e-010	6.7171e-010	6.6019e-010	6.7104e-010	6.8003e-010	6.9834e-010	6.8496e-010	6.8089e-010	7.1599e-010	7.4176e-010	7.4888e-010	7.4109e-010	7.1651e-010	6.8821e-010	7.0279e-010	7.2111e-010	7.3942e-010	7.3722e-010	7.1265e-010	6.974e-010	6.8774e-010	6.874e-010	6.7775e-010	6.5504e-010	6.3419e-010	6.1894e-010	6.0556e-010	5.6234e-010	4.8928e-010	4.1996e-010	3.3385e-010	2.3096e-010	1.0756e-010	3.8237e-011	2.485e-011	2.0787e-011	2.0453e-011	3.5036e-011	8.5047e-011	1.5557e-010	2.1863e-010	2.5373e-010	2.4407e-010	1.6356e-010	3.6428e-011	1.7447e-011	1.7113e-011	3.9155e-011	1.5443e-010	3.3869e-010	5.0244e-010	5.8788e-010	6.2857e-010	6.5434e-010	6.8198e-010	6.9283e-010
2.5091e-010	1.7034e-010	8.6033e-011	1.0428e-010	1.6728e-010	2.5452e-010	3.5295e-010	4.4951e-010	5.3862e-010	5.867e-010	6.1987e-010	6.4744e-010	6.5823e-010	6.5783e-010	6.6862e-010	6.6077e-010	6.6969e-010	6.9354e-010	7.0806e-010	7.0766e-010	6.9235e-010	6.789e-010	7.0088e-010	7.2658e-010	7.2805e-010	7.1647e-010	6.8996e-010	6.7838e-010	7.0595e-010	7.3352e-010	7.3686e-010	7.4951e-010	7.2487e-010	7.0024e-010	6.8679e-010	6.8452e-010	6.7667e-010	6.4457e-010	6.0688e-010	5.5614e-010	4.9048e-010	4.2482e-010	3.4611e-010	2.9164e-010	2.1852e-010	1.1184e-010	3.3132e-011	3.087e-011	2.3014e-011	1.7023e-011	9.1676e-012	6.9058e-012	1.0238e-011	3.4081e-011	8.4029e-011	1.116e-010	1.0002e-010	4.1816e-011	3.2095e-011	6.1532e-011	1.0216e-010	1.894e-010	2.6172e-010	4.0676e-010	5.5554e-010	6.2972e-010	6.4424e-010	6.3639e-010	6.6583e-010	6.8407e-010
3.789e-010	3.02e-010	2.4373e-010	2.7497e-010	3.5096e-010	4.4932e-010	5.1972e-010	5.8825e-010	6.4932e-010	6.9361e-010	7.0248e-010	6.9829e-010	7.0528e-010	6.8245e-010	6.6707e-010	6.5542e-010	6.8107e-010	7.179e-010	7.4168e-010	7.3749e-010	7.2211e-010	6.9928e-010	6.9322e-010	7.0954e-010	7.0163e-010	6.8811e-010	6.7274e-010	6.6855e-010	6.9606e-010	7.2916e-010	7.3802e-010	7.3943e-010	7.11e-010	6.807e-010	6.877e-010	6.9283e-010	6.8491e-010	6.4903e-010	5.9449e-010	5.1012e-010	4.183e-010	3.1342e-010	2.16e-010	1.3909e-010	7.15e-011	3.1882e-011	2.0234e-011	1.6045e-011	1.5584e-011	7.6656e-012	3.476e-012	-7.135e-013	-1.1738e-012	2.0951e-012	3.4995e-012	1.2362e-011	6.4111e-011	1.5315e-010	1.8253e-010	2.1563e-010	2.9162e-010	3.5642e-010	4.0258e-010	4.6551e-010	5.6015e-010	6.1563e-010	6.3381e-010	6.5946e-010	6.851e-010	6.8464e-010
4.9011e-010	4.4111e-010	3.977e-010	4.1769e-010	4.9734e-010	5.6768e-010	6.175e-010	6.6172e-010	6.9849e-010	7.1848e-010	7.2542e-010	7.0438e-010	6.9453e-010	6.9215e-010	6.7298e-010	6.6499e-010	6.9058e-010	7.2921e-010	7.492e-010	7.5054e-010	7.351e-010	7.0661e-010	6.9676e-010	7.0183e-010	6.8639e-010	6.8959e-010	6.928e-010	6.8855e-010	6.8616e-010	7.0988e-010	7.1681e-010	7.0324e-010	6.8593e-010	6.6676e-010	6.8115e-010	7.0301e-010	6.857e-010	6.5534e-010	5.9888e-010	4.9394e-010	3.9273e-010	2.7287e-010	1.2131e-010	3.5012e-011	2.3301e-011	1.9048e-011	1.2931e-011	1.0543e-011	6.2899e-012	1.7258e-013	-7.8094e-012	-6.4682e-012	-6.9917e-012	-1.9213e-012	8.743e-012	6.7887e-011	1.9043e-010	2.7568e-010	3.4042e-010	4.1075e-010	4.6989e-010	5.0293e-010	5.2665e-010	5.541e-010	5.9459e-010	6.295e-010	6.4016e-010	6.6015e-010	6.8014e-010	6.8334e-010
5.8827e-010	5.7463e-010	5.2929e-010	5.2871e-010	5.9525e-010	6.4501e-010	6.7052e-010	6.8858e-010	6.9918e-010	7.0046e-010	6.9242e-010	6.9183e-010	7.0057e-010	7.1303e-010	7.0312e-010	6.8575e-010	6.889e-010	7.1442e-010	7.3247e-010	7.4121e-010	7.2384e-010	7.0088e-010	6.9284e-010	6.8666e-010	6.7488e-010	7.004e-010	7.0914e-010	7.0855e-010	6.9491e-010	6.9992e-010	7.0119e-010	7.0061e-010	6.8883e-010	6.7892e-010	6.8766e-010	6.9826e-010	6.8462e-010	6.542e-010	5.9768e-010	5.1318e-010	4.0258e-010	2.752e-010	1.012e-010	1.8575e-011	1.7988e-011	9.9431e-012	-1.8313e-012	5.0406e-012	-4.8692e-012	-5.4558e-012	-1.1636e-011	-1.4088e-011	2.4279e-013	1.2709e-011	1.0349e-010	2.2224e-010	3.3353e-010	4.355e-010	5.1882e-010	5.6485e-010	5.9782e-010	6.2707e-010	6.2835e-010	6.259e-010	6.4209e-010	6.5083e-010	6.6143e-010	6.739e-010	6.7517e-010	6.6899e-010
6.6032e-010	6.5594e-010	6.2359e-010	6.1176e-010	6.5026e-010	6.8318e-010	6.9372e-010	7.0052e-010	6.9242e-010	6.6566e-010	6.6315e-010	6.9979e-010	7.2524e-010	7.4884e-010	7.3886e-010	7.1397e-010	6.9468e-010	6.903e-010	7.0084e-010	7.0578e-010	6.9021e-010	6.9143e-010	7.0383e-010	7.0132e-010	6.9507e-010	7.0375e-010	7.0496e-010	7.0245e-010	6.9434e-010	7.0301e-010	7.2287e-010	7.3527e-010	7.2344e-010	7.116e-010	6.9417e-010	6.9165e-010	6.7982e-010	6.4374e-010	5.9647e-010	5.2497e-010	4.199e-010	2.7567e-010	9.7883e-011	1.1461e-011	5.2172e-012	8.3813e-013	-1.6763e-012	-6.0553e-012	7.5335e-013	-3.6257e-012	-8.0047e-012	-6.7899e-012	2.7988e-011	1.4667e-010	2.6909e-010	3.7099e-010	5.046e-010	5.9531e-010	6.3382e-010	6.5928e-010	6.7541e-010	7.0459e-010	6.9835e-010	6.9024e-010	6.8586e-010	6.7029e-010	6.827e-010	6.9323e-010	6.8326e-010	6.7329e-010
6.8389e-010	6.8691e-010	6.6382e-010	6.5379e-010	6.6612e-010	6.8219e-010	7.0572e-010	7.106e-010	7.0616e-010	6.8866e-010	6.7863e-010	7.0216e-010	7.3874e-010	7.548e-010	7.485e-010	7.2727e-010	6.9486e-010	6.7737e-010	6.7852e-010	6.6848e-010	6.6777e-010	6.8011e-010	6.9618e-010	7.0292e-010	6.9289e-010	6.9404e-010	6.8587e-010	6.777e-010	6.8817e-010	7.2102e-010	7.4268e-010	7.5689e-010	7.4685e-010	7.2376e-010	7.044e-010	6.925e-010	6.7687e-010	6.3514e-010	5.8595e-010	5.1997e-010	3.9992e-010	2.5936e-010	8.5239e-011	2.8587e-011	9.2277e-012	1.0563e-012	-8.9798e-012	-3.6965e-013	7.82e-013	-5.5248e-012	-2.5086e-012	-1.3569e-012	1.0794e-010	2.5826e-010	3.7316e-010	4.8805e-010	6.0108e-010	6.6936e-010	6.8916e-010	6.9404e-010	7.0078e-010	7.2431e-010	7.3851e-010	7.4153e-010	7.259e-010	7.0468e-010	6.8718e-010	6.8647e-010	6.8949e-010	6.8131e-010
6.8509e-010	6.7686e-010	6.7608e-010	6.6971e-010	6.6147e-010	6.8867e-010	7.2891e-010	7.5051e-010	7.4414e-010	7.2658e-010	7.0343e-010	7.0079e-010	7.2612e-010	7.4026e-010	7.3203e-010	7.1633e-010	6.9132e-010	6.8495e-010	6.8417e-010	6.6848e-010	6.5279e-010	6.5201e-010	6.6056e-010	6.5232e-010	6.6087e-010	6.6569e-010	6.7237e-010	6.7905e-010	6.9133e-010	7.1293e-010	7.4198e-010	7.5426e-010	7.4416e-010	7.1728e-010	6.9599e-010	6.9522e-010	6.8325e-010	6.5451e-010	5.9033e-010	5.0565e-010	3.7808e-010	2.561e-010	1.3226e-010	5.1307e-011	1.5103e-011	8.7329e-012	-1.3663e-012	-7.7363e-012	-4.7832e-012	-3.6947e-012	1.123e-012	2.6452e-011	1.9536e-010	3.5307e-010	4.996e-010	5.8833e-010	6.4722e-010	6.9119e-010	7.0347e-010	6.9524e-010	6.8887e-010	7.1419e-010	7.3766e-010	7.518e-010	7.4729e-010	7.0923e-010	6.8794e-010	7.0581e-010	7.1436e-010	7.1544e-010
6.9188e-010	6.9477e-010	6.902e-010	6.7444e-010	6.7733e-010	7.0633e-010	7.4838e-010	7.5872e-010	7.6161e-010	7.4213e-010	7.1519e-010	7.0129e-010	7.0418e-010	7.108e-010	7.0996e-010	6.9234e-010	6.8032e-010	6.9439e-010	6.861e-010	6.5915e-010	6.0237e-010	5.6611e-010	5.5781e-010	5.4951e-010	5.7291e-010	6.0191e-010	6.4955e-010	6.9159e-010	6.9262e-010	7.011e-010	7.2077e-010	7.3485e-010	7.0791e-010	6.9402e-010	6.8758e-010	6.8861e-010	6.8404e-010	6.571e-010	6.0405e-010	5.0811e-010	4.0099e-010	3.237e-010	2.5573e-010	1.7658e-010	6.2e-011	-4.1013e-012	-3.076e-012	-2.0506e-012	-2.8899e-012	5.9928e-019	-2.7039e-012	6.5448e-011	2.4921e-010	4.4042e-010	5.8316e-010	6.5318e-010	6.7471e-010	6.832e-010	6.7303e-010	6.6101e-010	6.7322e-010	7.0408e-010	7.2934e-010	7.3969e-010	7.3326e-010	7.0445e-010	7.0548e-010	7.3447e-010	7.4296e-010	7.4771e-010
7.1359e-010	7.3133e-010	7.2856e-010	7.202e-010	6.9879e-010	7.0721e-010	7.3987e-010	7.5575e-010	7.4739e-010	7.3716e-010	7.1388e-010	6.9807e-010	6.9157e-010	6.888e-010	6.7671e-010	6.7022e-010	6.6558e-010	6.5349e-010	6.3022e-010	5.8643e-010	5.0721e-010	4.5223e-010	4.2523e-010	4.4111e-010	4.775e-010	5.4745e-010	6.3418e-010	6.8549e-010	7.0323e-010	6.9674e-010	6.9397e-010	7.0426e-010	6.9403e-010	6.6889e-010	6.7358e-010	6.8014e-010	6.7923e-010	6.6341e-010	6.2895e-010	5.5346e-010	4.6492e-010	4.0062e-010	3.4192e-010	2.8134e-010	1.6111e-010	1.6628e-011	8.0827e-013	-1.9588e-012	8.6795e-013	-3.7638e-012	-9.3699e-013	8.3933e-011	2.7509e-010	4.7183e-010	6.0519e-010	6.7141e-010	6.9102e-010	6.6774e-010	6.6497e-010	6.6966e-010	6.669e-010	6.8651e-010	7.0984e-010	7.1453e-010	7.0617e-010	6.8849e-010	7.0064e-010	7.2957e-010	7.5104e-010	7.576e-010
7.297e-010	7.5297e-010	7.5947e-010	7.3985e-010	7.1651e-010	7.0623e-010	7.1831e-010	7.2667e-010	7.257e-010	7.1355e-010	6.9953e-010	6.8924e-010	6.9387e-010	6.7612e-010	6.5465e-010	6.369e-010	5.9305e-010	5.6784e-010	5.2399e-010	4.5217e-010	3.7103e-010	3.2344e-010	3.1129e-010	3.6067e-010	4.1378e-010	5.0045e-010	6.0577e-010	6.7379e-010	6.8774e-010	6.8678e-010	7.0073e-010	7.0722e-010	6.988e-010	6.7732e-010	6.7263e-010	6.8285e-010	6.8561e-010	6.8838e-010	6.6877e-010	6.2305e-010	5.7547e-010	5.111e-010	4.281e-010	3.3949e-010	2.1173e-010	3.3627e-011	6.5571e-012	9.3207e-012	6.4905e-012	1.1119e-011	8.2995e-013	1.1174e-010	3.1029e-010	4.9206e-010	6.1975e-010	6.7472e-010	6.8122e-010	6.7839e-010	6.8488e-010	6.9324e-010	7.016e-010	6.9317e-010	6.8848e-010	6.987e-010	6.9214e-010	6.8744e-010	6.9207e-010	7.1162e-010	7.293e-010	7.3579e-010
7.309e-010	7.6343e-010	7.6613e-010	7.4646e-010	7.2119e-010	7.127e-010	7.1353e-010	7.1996e-010	7.0775e-010	6.8807e-010	6.8891e-010	6.9907e-010	7.0363e-010	6.8023e-010	6.475e-010	6.0359e-010	5.2424e-010	4.4117e-010	3.6742e-010	2.9927e-010	2.3111e-010	1.7787e-010	1.843e-010	2.5786e-010	3.3514e-010	4.5905e-010	5.7362e-010	6.4718e-010	6.7226e-010	6.8055e-010	7.1122e-010	7.4189e-010	7.4272e-010	7.1373e-010	6.9778e-010	6.9489e-010	6.8826e-010	6.8724e-010	6.8248e-010	6.7213e-010	6.5991e-010	6.104e-010	5.2733e-010	4.1442e-010	2.6236e-010	9.7243e-011	3.6546e-011	2.6194e-011	1.2113e-011	-1.9682e-012	2.5969e-012	1.3582e-010	3.3244e-010	5.0669e-010	6.0821e-010	6.6685e-010	6.7515e-010	6.909e-010	7.1038e-010	7.2613e-010	7.307e-010	7.1662e-010	7.0067e-010	7.0897e-010	7.2286e-010	7.1437e-010	7.0775e-010	6.9739e-010	6.9823e-010	7.0652e-010
7.2463e-010	7.4405e-010	7.5415e-010	7.3068e-010	7.1094e-010	7.285e-010	7.4419e-010	7.4682e-010	7.3827e-010	7.0548e-010	7.0625e-010	7.1262e-010	7.1153e-010	6.8247e-010	6.3663e-010	5.9638e-010	4.8341e-010	3.5179e-010	2.4442e-010	1.5196e-010	8.3739e-011	5.8406e-011	8.3419e-011	1.6996e-010	3.1431e-010	4.5493e-010	5.6012e-010	6.3735e-010	6.6236e-010	6.8178e-010	7.2171e-010	7.5791e-010	7.6241e-010	7.3708e-010	7.0988e-010	6.9947e-010	6.8719e-010	6.8237e-010	6.9806e-010	6.9696e-010	6.9214e-010	6.5189e-010	5.7808e-010	4.8562e-010	3.3909e-010	2.0188e-010	9.8234e-011	6.1714e-011	1.7736e-011	-1.3807e-013	-1.23e-012	1.3752e-010	3.2103e-010	4.803e-010	5.8735e-010	6.4033e-010	6.6162e-010	6.7731e-010	7.1537e-010	7.4225e-010	7.4675e-010	7.2701e-010	7.0541e-010	7.1551e-010	7.3866e-010	7.4689e-010	7.3461e-010	7.0368e-010	6.9327e-010	6.9217e-010
7.0718e-010	7.2094e-010	7.2165e-010	7.0185e-010	7.1375e-010	7.4243e-010	7.7857e-010	7.9046e-010	7.7066e-010	7.3967e-010	7.1987e-010	7.1126e-010	7.0824e-010	6.7352e-010	6.2948e-010	5.7238e-010	4.6308e-010	3.2581e-010	1.7362e-010	6.0586e-011	3.5191e-011	4.5224e-011	5.5256e-011	1.6971e-010	3.3823e-010	4.8998e-010	6.0443e-010	6.704e-010	6.7857e-010	6.7928e-010	7.1169e-010	7.3477e-010	7.3548e-010	7.2314e-010	6.9588e-010	6.8726e-010	6.8984e-010	6.9987e-010	7.1736e-010	7.1061e-010	6.9081e-010	6.6355e-010	6.1765e-010	5.3445e-010	4.1955e-010	3.0279e-010	1.8976e-010	9.9098e-011	4.5734e-011	1.6609e-011	1.1725e-011	1.5974e-010	3.0589e-010	4.1661e-010	5.1988e-010	5.9517e-010	6.4436e-010	6.7863e-010	7.0918e-010	7.3413e-010	7.3856e-010	7.0944e-010	6.8777e-010	7.0899e-010	7.3767e-010	7.4398e-010	7.3909e-010	7.081e-010	7.1068e-010	7.1698e-010
7.0279e-010	7.053e-010	7.0035e-010	6.9727e-010	7.0723e-010	7.5823e-010	7.9616e-010	8.0613e-010	7.8254e-010	7.5335e-010	7.223e-010	7.1362e-010	6.9749e-010	6.7017e-010	6.4471e-010	5.7263e-010	4.4835e-010	3.1474e-010	1.4757e-010	4.753e-011	3.6988e-011	3.9499e-011	9.2355e-011	2.3844e-010	3.7334e-010	5.2502e-010	6.4128e-010	6.9227e-010	6.9478e-010	6.8797e-010	6.9607e-010	7.0231e-010	7.0296e-010	6.8123e-010	6.6696e-010	6.7879e-010	7.0927e-010	7.267e-010	7.3667e-010	7.2799e-010	6.988e-010	6.7707e-010	6.4789e-010	5.8514e-010	4.8509e-010	3.72e-010	2.6263e-010	2.2039e-010	1.7256e-010	8.5566e-011	3.7732e-011	1.8755e-010	3.1312e-010	3.9022e-010	4.6732e-010	5.6492e-010	6.4015e-010	6.8742e-010	7.0298e-010	7.0363e-010	7.0614e-010	6.8814e-010	6.7573e-010	6.9502e-010	7.1432e-010	7.3174e-010	7.3053e-010	7.032e-010	7.1131e-010	7.1755e-010
7.0771e-010	7.1016e-010	7.1261e-010	7.0946e-010	7.2123e-010	7.5351e-010	7.8579e-010	7.8451e-010	7.5899e-010	7.2974e-010	7.1354e-010	7.1785e-010	7.0166e-010	6.7241e-010	6.3197e-010	5.6169e-010	4.3921e-010	3.0368e-010	1.2339e-010	4.7526e-011	4.2515e-011	4.8692e-011	1.8726e-010	3.165e-010	4.0658e-010	5.4329e-010	6.371e-010	6.8616e-010	6.9234e-010	6.9292e-010	7.0656e-010	7.1274e-010	7.0773e-010	6.8407e-010	6.7346e-010	7.0015e-010	7.3616e-010	7.5912e-010	7.4665e-010	7.3418e-010	7.068e-010	6.8687e-010	6.6694e-010	6.265e-010	5.3572e-010	4.3375e-010	3.5042e-010	3.3422e-010	2.9192e-010	1.9181e-010	7.4926e-011	1.6874e-010	2.7934e-010	3.6756e-010	4.3527e-010	5.44e-010	6.4154e-010	6.9247e-010	6.9305e-010	6.9177e-010	6.9235e-010	7.0226e-010	7.0098e-010	6.9783e-010	6.9469e-010	7.1019e-010	6.9585e-010	6.7966e-010	6.7837e-010	6.7336e-010
7.0704e-010	7.1875e-010	7.2859e-010	7.3098e-010	7.315e-010	7.4693e-010	7.5864e-010	7.5357e-010	7.3171e-010	7.0426e-010	7.0851e-010	7.2581e-010	7.0769e-010	6.7092e-010	6.2482e-010	5.377e-010	4.2448e-010	2.9448e-010	1.2159e-010	4.0063e-011	3.6854e-011	6.9072e-011	2.3368e-010	3.4794e-010	4.2118e-010	5.3544e-010	6.236e-010	6.6887e-010	6.8617e-010	7.0907e-010	7.3756e-010	7.5486e-010	7.4979e-010	7.2234e-010	7.0048e-010	7.2151e-010	7.5e-010	7.6544e-010	7.6223e-010	7.3664e-010	7.0174e-010	6.9107e-010	6.8599e-010	6.5668e-010	5.9567e-010	5.0482e-010	4.2889e-010	3.9398e-010	3.4789e-010	2.5704e-010	1.1026e-010	9.0266e-011	2.1758e-010	3.2625e-010	4.2373e-010	5.324e-010	6.2988e-010	6.7701e-010	6.8872e-010	6.9483e-010	7.1587e-010	7.3503e-010	7.3369e-010	7.2302e-010	7.0303e-010	7.0168e-010	6.8915e-010	6.617e-010	6.212e-010	5.9375e-010
6.9146e-010	7.1429e-010	7.2407e-010	7.2453e-010	7.3617e-010	7.5527e-010	7.6692e-010	7.6365e-010	7.324e-010	7.0676e-010	7.0908e-010	7.2259e-010	7.0626e-010	6.7315e-010	6.1767e-010	5.4541e-010	4.2467e-010	3.0579e-010	1.8131e-010	6.4299e-011	2.5599e-011	7.64e-011	2.4467e-010	3.5328e-010	4.3205e-010	5.4998e-010	6.3248e-010	6.665e-010	6.7814e-010	7.3081e-010	7.7415e-010	7.8207e-010	7.7879e-010	7.5128e-010	7.2191e-010	7.2236e-010	7.3401e-010	7.5124e-010	7.517e-010	7.3351e-010	7.0041e-010	6.9154e-010	6.8827e-010	6.7754e-010	6.3884e-010	5.8335e-010	5.055e-010	4.295e-010	3.7402e-010	2.7565e-010	1.2694e-010	5.4677e-011	1.782e-010	2.9613e-010	3.9914e-010	5.1707e-010	6.1262e-010	6.5596e-010	6.7134e-010	6.8857e-010	7.2073e-010	7.5102e-010	7.608e-010	7.4634e-010	7.2442e-010	7.0623e-010	6.7872e-010	6.307e-010	5.5843e-010	4.8058e-010
6.5909e-010	6.8559e-010	7.009e-010	7.1807e-010	7.3338e-010	7.7853e-010	7.957e-010	7.8864e-010	7.6479e-010	7.2789e-010	7.2083e-010	7.1936e-010	7.067e-010	6.7353e-010	6.4595e-010	5.7736e-010	4.9198e-010	3.9541e-010	2.9698e-010	1.7244e-010	4.0448e-011	6.1353e-011	2.2956e-010	3.3997e-010	4.5038e-010	5.9062e-010	6.6746e-010	6.9023e-010	6.9995e-010	7.3017e-010	7.6413e-010	7.869e-010	7.817e-010	7.4666e-010	7.1909e-010	7.0829e-010	7.1242e-010	7.1654e-010	7.132e-010	7.1173e-010	7.084e-010	7.0879e-010	7.0173e-010	6.7975e-010	6.6336e-010	6.3765e-010	5.821e-010	5.0791e-010	4.1507e-010	3.0918e-010	1.9024e-010	9.7403e-011	1.3136e-010	2.5295e-010	3.8014e-010	5.1479e-010	6.0282e-010	6.4983e-010	6.6327e-010	6.8604e-010	7.2559e-010	7.5582e-010	7.5435e-010	7.4542e-010	7.1785e-010	6.7908e-010	6.2727e-010	5.5494e-010	4.5651e-010	3.6181e-010
6.3977e-010	6.8672e-010	7.0197e-010	7.2094e-010	7.567e-010	7.906e-010	8.0398e-010	7.9685e-010	7.7294e-010	7.3971e-010	7.2885e-010	7.2172e-010	7.09e-010	6.8882e-010	6.8356e-010	6.5033e-010	5.8912e-010	4.9249e-010	3.9027e-010	2.5448e-010	8.6997e-011	5.0035e-011	1.7157e-010	3.0988e-010	4.7803e-010	6.1261e-010	6.9125e-010	7.1209e-010	6.9937e-010	7.2208e-010	7.4478e-010	7.5444e-010	7.5663e-010	7.3645e-010	7.1814e-010	7.2593e-010	7.188e-010	6.9675e-010	7.0081e-010	7.1606e-010	7.425e-010	7.4842e-010	7.301e-010	7.0433e-010	6.8788e-010	6.8075e-010	6.6057e-010	5.9937e-010	5.1206e-010	3.856e-010	2.8897e-010	2.5387e-010	2.4488e-010	2.4707e-010	4.059e-010	5.498e-010	6.3591e-010	6.7726e-010	6.8505e-010	6.9284e-010	7.1554e-010	7.4571e-010	7.479e-010	7.1467e-010	6.8517e-010	6.3702e-010	5.6649e-010	4.8291e-010	3.7137e-010	2.5609e-010
6.708e-010	7.2328e-010	7.2168e-010	7.2754e-010	7.5392e-010	7.7097e-010	7.8615e-010	7.8082e-010	7.6431e-010	7.422e-010	7.5179e-010	7.5392e-010	7.3927e-010	7.1344e-010	7.1743e-010	7.0838e-010	6.6016e-010	5.7652e-010	4.6305e-010	3.3466e-010	1.783e-010	7.4144e-011	1.6018e-010	3.1894e-010	4.8516e-010	6.1409e-010	6.8335e-010	7.0226e-010	7.0439e-010	7.0653e-010	7.0866e-010	7.0706e-010	7.0733e-010	7.1692e-010	7.377e-010	7.5847e-010	7.5315e-010	7.1799e-010	7.0893e-010	7.4276e-010	7.6354e-010	7.7313e-010	7.4916e-010	7.1959e-010	7.0681e-010	7.0894e-010	6.9988e-010	6.6286e-010	5.904e-010	4.8252e-010	4.0075e-010	3.4694e-010	3.3416e-010	3.1391e-010	4.447e-010	5.7363e-010	6.5967e-010	6.9164e-010	6.9563e-010	6.9031e-010	7.0549e-010	7.1881e-010	7.1162e-010	6.7646e-010	6.5062e-010	6.397e-010	6.0081e-010	5.1158e-010	3.664e-010	2.175e-010
6.9624e-010	7.3747e-010	7.3954e-010	7.3042e-010	7.3621e-010	7.4947e-010	7.5527e-010	7.5361e-010	7.3703e-010	7.5588e-010	7.8219e-010	7.8612e-010	7.77e-010	7.4924e-010	7.3453e-010	7.366e-010	7.0883e-010	6.5496e-010	5.7126e-010	4.6891e-010	3.6283e-010	2.6048e-010	2.4017e-010	3.4293e-010	4.9044e-010	6.1184e-010	6.8104e-010	7.148e-010	7.2247e-010	7.2827e-010	7.1169e-010	6.8952e-010	6.8786e-010	7.1789e-010	7.6285e-010	7.8916e-010	7.8377e-010	7.4854e-010	7.2824e-010	7.4709e-010	7.6594e-010	7.6987e-010	7.5516e-010	7.1994e-010	7.1082e-010	7.0356e-010	7.0004e-010	6.8346e-010	6.3332e-010	5.8131e-010	5.3677e-010	4.773e-010	4.0106e-010	3.994e-010	4.6859e-010	5.8067e-010	6.5173e-010	6.8364e-010	6.8384e-010	6.8591e-010	7.0476e-010	7.0124e-010	6.772e-010	6.5876e-010	6.3845e-010	6.2001e-010	5.9597e-010	4.9922e-010	3.4466e-010	2.4231e-010
6.9557e-010	7.3673e-010	7.4247e-010	7.3702e-010	7.4648e-010	7.5222e-010	7.5049e-010	7.3012e-010	7.3026e-010	7.6397e-010	7.9581e-010	8.0714e-010	7.9609e-010	7.6453e-010	7.4416e-010	7.4057e-010	7.2953e-010	6.9797e-010	6.4031e-010	5.7705e-010	5.2125e-010	4.6545e-010	4.283e-010	4.1726e-010	4.9385e-010	5.9468e-010	6.7127e-010	7.0684e-010	7.3122e-010	7.4814e-010	7.5015e-010	7.2418e-010	7.1127e-010	7.3006e-010	7.6936e-010	7.9001e-010	7.8456e-010	7.6046e-010	7.3076e-010	7.3836e-010	7.4596e-010	7.4424e-010	7.3133e-010	7.1282e-010	7.1483e-010	7.187e-010	7.1138e-010	6.9101e-010	6.6691e-010	6.5586e-010	6.3363e-010	5.9461e-010	5.0898e-010	4.5878e-010	4.9808e-010	5.7467e-010	6.3261e-010	6.5886e-010	6.7391e-010	7.0389e-010	7.2268e-010	7.2095e-010	6.894e-010	6.6157e-010	6.3374e-010	5.7794e-010	5.0536e-010	4.2159e-010	3.1918e-010	2.7644e-010
6.8185e-010	7.1922e-010	7.3795e-010	7.5294e-010	7.7726e-010	7.8852e-010	7.7182e-010	7.5325e-010	7.4214e-010	7.6459e-010	7.9637e-010	8.0764e-010	7.928e-010	7.6677e-010	7.482e-010	7.4642e-010	7.409e-010	7.2792e-010	6.963e-010	6.5909e-010	6.2374e-010	5.9771e-010	5.7355e-010	5.3634e-010	5.7557e-010	6.4464e-010	6.4285e-010	6.6158e-010	7.0268e-010	7.475e-010	7.6809e-010	7.6444e-010	7.4774e-010	7.3476e-010	7.4976e-010	7.6475e-010	7.611e-010	7.4067e-010	7.1278e-010	6.9794e-010	7.0547e-010	6.9996e-010	7.019e-010	7.169e-010	7.3562e-010	7.5248e-010	7.3578e-010	7.1534e-010	6.9864e-010	6.9872e-010	6.9693e-010	6.5971e-010	5.964e-010	5.4613e-010	5.7231e-010	6.1155e-010	6.4519e-010	6.6018e-010	6.9009e-010	7.3119e-010	7.4805e-010	7.444e-010	7.1278e-010	6.8302e-010	6.4394e-010	5.9927e-010	5.0798e-010	4.2042e-010	4.0558e-010	4.1871e-010
6.9423e-010	7.1662e-010	7.3529e-010	7.6513e-010	7.9685e-010	8.1364e-010	8.0434e-010	7.7638e-010	7.5216e-010	7.5217e-010	7.6897e-010	7.7644e-010	7.6713e-010	7.5596e-010	7.6157e-010	7.7463e-010	7.6905e-010	7.5042e-010	7.3366e-010	7.057e-010	6.8893e-010	6.703e-010	6.6659e-010	6.3677e-010	6.3119e-010	6.7409e-010	6.7597e-010	6.2937e-010	6.4989e-010	7.189e-010	7.5807e-010	7.6554e-010	7.5997e-010	7.5066e-010	7.4135e-010	7.2645e-010	7.1341e-010	7.0224e-010	6.9666e-010	6.9108e-010	6.8363e-010	6.7432e-010	6.8553e-010	7.2656e-010	7.6201e-010	7.7694e-010	7.7136e-010	7.4713e-010	7.1545e-010	7.0614e-010	6.987e-010	6.8193e-010	6.3906e-010	6.1297e-010	6.3163e-010	6.4656e-010	6.6149e-010	6.7829e-010	7.0627e-010	7.3985e-010	7.6597e-010	7.5666e-010	7.1938e-010	6.9143e-010	6.7653e-010	6.4298e-010	5.7773e-010	5.2554e-010	5.6657e-010	5.7218e-010
7.2526e-010	7.3454e-010	7.4195e-010	7.6614e-010	8.0152e-010	8.2012e-010	8.0888e-010	7.8086e-010	7.5285e-010	7.4534e-010	7.4343e-010	7.4338e-010	7.396e-010	7.5074e-010	7.8798e-010	8.0844e-010	8.0094e-010	7.7851e-010	7.4677e-010	7.3367e-010	7.187e-010	7.1492e-010	7.1301e-010	7.0177e-010	6.7562e-010	6.476e-010	6.4382e-010	6.4378e-010	6.4373e-010	6.7724e-010	7.1822e-010	7.2749e-010	7.3676e-010	7.6282e-010	7.5531e-010	7.1051e-010	6.8063e-010	6.8058e-010	6.8986e-010	7.0659e-010	6.9908e-010	6.8039e-010	6.9526e-010	7.325e-010	7.6602e-010	7.7902e-010	7.6405e-010	7.4909e-010	7.2853e-010	7.0424e-010	6.8741e-010	6.6126e-010	6.5934e-010	6.5184e-010	6.5738e-010	6.6852e-010	6.7407e-010	6.8334e-010	7.0567e-010	7.2986e-010	7.4473e-010	7.3536e-010	6.9988e-010	6.8492e-010	6.7741e-010	6.6058e-010	6.1951e-010	6.1573e-010	6.6043e-010	6.6784e-010
7.5816e-010	7.5618e-010	7.5607e-010	7.6155e-010	7.8755e-010	7.9489e-010	7.9478e-010	7.667e-010	7.4794e-010	7.5529e-010	7.6077e-010	7.3828e-010	7.3071e-010	7.6044e-010	7.9016e-010	8.0869e-010	8.1231e-010	7.8796e-010	7.5615e-010	7.4485e-010	7.4101e-010	7.353e-010	7.24e-010	7.3135e-010	7.1819e-010	6.8078e-010	6.7321e-010	6.9921e-010	6.8604e-010	6.3558e-010	6.4107e-010	6.5774e-010	6.9678e-010	7.3583e-010	7.3945e-010	7.0763e-010	6.7769e-010	6.8504e-010	7.0544e-010	7.1651e-010	7.0708e-010	6.9391e-010	6.9007e-010	7.2539e-010	7.4952e-010	7.5127e-010	7.381e-010	7.2308e-010	7.2296e-010	7.2472e-010	7.1528e-010	6.8907e-010	6.7031e-010	6.7579e-010	6.8687e-010	6.8675e-010	6.9224e-010	6.9213e-010	6.8456e-010	6.9004e-010	6.9552e-010	6.8422e-010	6.8784e-010	6.8213e-010	6.6897e-010	6.5394e-010	6.501e-010	6.705e-010	7.0022e-010	7.0011e-010
7.6681e-010	7.5732e-010	7.5714e-010	7.6256e-010	7.7357e-010	7.7713e-010	7.5831e-010	7.3949e-010	7.5236e-010	7.8389e-010	8.0422e-010	7.8167e-010	7.5166e-010	7.5708e-010	7.8115e-010	7.9216e-010	7.9012e-010	7.6757e-010	7.5807e-010	7.7095e-010	7.7264e-010	7.706e-010	7.4619e-010	7.2736e-010	7.16e-010	7.121e-010	7.1752e-010	7.3039e-010	6.9479e-010	6.1444e-010	5.2103e-010	5.4696e-010	6.1391e-010	6.6035e-010	6.5831e-010	6.4509e-010	6.6729e-010	6.9881e-010	7.061e-010	6.966e-010	6.9269e-010	6.8506e-010	6.7743e-010	6.9403e-010	7.1064e-010	7.0674e-010	6.9351e-010	7.0452e-010	7.2859e-010	7.4146e-010	7.3756e-010	7.206e-010	6.9246e-010	6.8296e-010	6.8465e-010	6.8261e-010	6.843e-010	6.8972e-010	6.8395e-010	6.67e-010	6.4817e-010	6.6292e-010	6.7952e-010	6.9799e-010	6.829e-010	6.5849e-010	6.6764e-010	6.8984e-010	7.0085e-010	6.8949e-010
7.5682e-010	7.4167e-010	7.4329e-010	7.673e-010	7.8384e-010	7.8174e-010	7.5539e-010	7.3651e-010	7.6051e-010	8.0502e-010	8.3089e-010	8.1387e-010	7.7075e-010	7.5186e-010	7.6281e-010	7.6071e-010	7.5115e-010	7.4532e-010	7.6932e-010	7.8773e-010	8.1359e-010	8.003e-010	7.7396e-010	7.3643e-010	7.1568e-010	7.229e-010	7.4131e-010	7.4294e-010	6.9795e-010	5.821e-010	4.3083e-010	4.1568e-010	4.9002e-010	5.2894e-010	5.3803e-010	5.6949e-010	6.5316e-010	6.9581e-010	6.8624e-010	6.6177e-010	6.4102e-010	6.2773e-010	6.2935e-010	6.5336e-010	6.7363e-010	6.7339e-010	6.7315e-010	7.0648e-010	7.454e-010	7.5821e-010	7.5052e-010	7.4095e-010	7.0156e-010	6.9013e-010	6.8057e-010	6.6355e-010	6.6145e-010	6.7799e-010	6.8148e-010	6.6819e-010	6.5117e-010	6.5653e-010	6.824e-010	7.1013e-010	7.0057e-010	6.7609e-010	6.8331e-010	6.9985e-010	6.8843e-010	6.6208e-010
7.6921e-010	7.3534e-010	7.3877e-010	7.7763e-010	8.1835e-010	8.2923e-010	8.0096e-010	7.6896e-010	7.6866e-010	7.9819e-010	8.1467e-010	8.0691e-010	7.7305e-010	7.6156e-010	7.6126e-010	7.5537e-010	7.4574e-010	7.3798e-010	7.7124e-010	8.1383e-010	8.2285e-010	8.1509e-010	7.8123e-010	7.3804e-010	7.135e-010	7.2065e-010	7.3527e-010	7.2938e-010	6.7686e-010	5.535e-010	3.9657e-010	3.0304e-010	3.2138e-010	3.6956e-010	4.0469e-010	5.2186e-010	6.1106e-010	6.5924e-010	6.4775e-010	6.5863e-010	6.6579e-010	6.0023e-010	5.4026e-010	5.6979e-010	6.1611e-010	6.475e-010	6.7331e-010	7.0471e-010	7.3237e-010	7.4885e-010	7.4296e-010	7.1469e-010	6.9388e-010	6.8052e-010	6.6903e-010	6.5382e-010	6.5165e-010	6.6813e-010	6.8088e-010	6.7872e-010	6.5417e-010	6.1845e-010	6.2933e-010	6.5327e-010	6.567e-010	6.4521e-010	6.7288e-010	6.8936e-010	6.8719e-010	6.5706e-010
