# Channel: Detail 4
# Width: 30.0 nm
# Height: 30.0 nm
# Value units: m
2.4955e-010	3.5736e-010	4.2789e-010	4.8349e-010	5.4655e-010	5.947e-010	6.2047e-010	6.4251e-010	6.5896e-010	6.6422e-010	6.7507e-010	6.9338e-010	6.9305e-010	6.9645e-010	7.1849e-010	7.2934e-010	7.2155e-010	7.1003e-010	7.041e-010	7.0936e-010	7.1462e-010	7.2547e-010	7.1954e-010	7.0429e-010	7.0023e-010	7.2041e-010	7.238e-010	6.9923e-010	6.5414e-010	5.8855e-010	5.099e-010	4.4989e-010	3.8616e-010	2.7582e-010	2.0649e-010	1.2971e-010	9.7675e-011	9.7341e-011	2.3499e-010	3.6704e-010	4.7113e-010	5.6403e-010	6.1777e-010	6.4913e-010	6.6185e-010	6.6711e-010	7.022e-010	7.2611e-010	7.2204e-010	7.3103e-010	7.5307e-010	7.7885e-010	7.9716e-010	8.0615e-010	8.0022e-010	7.8124e-010	7.4548e-010	7.5633e-010	7.821e-010	7.9482e-010	7.8889e-010	7.7737e-010	7.7144e-010	7.8229e-010	7.8382e-010	7.7417e-010	7.44e-010	7.2688e-010	7.3587e-010	7.5232e-010	7.5199e-010	7.1063e-010	6.3198e-010	5.2536e-010	4.2807e-010	3.2332e-010	1.6449e-010	7.6518e-011	8.7372e-011	9.6361e-011	2.2655e-010	4.5743e-010	6.2678e-010
2.5245e-010	3.7891e-010	4.83e-010	5.7216e-010	6.2031e-010	6.5167e-010	6.6066e-010	6.6779e-010	6.8983e-010	6.9695e-010	7.0967e-010	7.2053e-010	7.146e-010	7.124e-010	7.2139e-010	7.2105e-010	7.0394e-010	6.8682e-010	6.9022e-010	7.0666e-010	7.1752e-010	7.2091e-010	7.1499e-010	6.9601e-010	6.8075e-010	6.7669e-010	6.8009e-010	6.4246e-010	5.7873e-010	4.9635e-010	4.2703e-010	3.6329e-010	2.9024e-010	1.6311e-010	8.6327e-011	7.1076e-011	7.2607e-011	1.1889e-010	2.9569e-010	4.2402e-010	5.4861e-010	6.2846e-010	6.7474e-010	6.8746e-010	7.0204e-010	7.2035e-010	7.4239e-010	7.5884e-010	7.5478e-010	7.5072e-010	7.5784e-010	7.6869e-010	7.8141e-010	7.8108e-010	7.8634e-010	7.6549e-010	7.4651e-010	7.5364e-010	7.6635e-010	7.6789e-010	7.545e-010	7.6162e-010	7.8553e-010	8.113e-010	8.2588e-010	8.0317e-010	7.7301e-010	7.4657e-010	7.4064e-010	7.459e-010	7.437e-010	7.2285e-010	6.5912e-010	5.6742e-010	4.6267e-010	3.4673e-010	1.8417e-010	8.6878e-011	8.4679e-011	9.5532e-011	2.2199e-010	4.3796e-010	5.8493e-010
3.2807e-010	4.3589e-010	5.3811e-010	6.2355e-010	6.7356e-010	6.7695e-010	6.8221e-010	6.8934e-010	7.0205e-010	7.2223e-010	7.2376e-010	7.2156e-010	7.2496e-010	7.3208e-010	7.4853e-010	7.3887e-010	7.143e-010	6.9159e-010	6.9125e-010	7.2448e-010	7.4093e-010	7.4433e-010	7.2348e-010	6.8026e-010	6.2585e-010	5.9195e-010	5.6738e-010	5.2602e-010	4.4924e-010	3.8178e-010	3.1246e-010	2.3567e-010	1.477e-010	7.8375e-011	5.9394e-011	5.5331e-011	6.0591e-011	1.5722e-010	3.2656e-010	4.7167e-010	6e-010	6.7984e-010	7.168e-010	7.1087e-010	7.1799e-010	7.3258e-010	7.4903e-010	7.5801e-010	7.6141e-010	7.5735e-010	7.6261e-010	7.6414e-010	7.5261e-010	7.4482e-010	7.5381e-010	7.5161e-010	7.606e-010	7.8078e-010	7.8231e-010	7.6892e-010	7.4808e-010	7.552e-010	7.9402e-010	8.2166e-010	8.3065e-010	8.1353e-010	7.9082e-010	7.6438e-010	7.5846e-010	7.5066e-010	7.3168e-010	7.1643e-010	6.8067e-010	6.1507e-010	5.0846e-010	3.5709e-010	1.908e-010	8.6049e-011	9.1309e-011	9.4704e-011	1.876e-010	3.7187e-010	5.0951e-010
5.0252e-010	5.749e-010	6.3237e-010	6.7493e-010	7.0816e-010	7.0596e-010	6.9443e-010	7.0715e-010	7.1428e-010	7.2327e-010	7.192e-010	7.0395e-010	7.204e-010	7.5363e-010	7.7753e-010	7.7347e-010	7.489e-010	7.1686e-010	7.1094e-010	7.3484e-010	7.4756e-010	7.1739e-010	6.779e-010	6.0858e-010	5.2993e-010	4.6993e-010	4.2857e-010	3.7789e-010	3.067e-010	2.3738e-010	1.6432e-010	1.0432e-010	7.2287e-011	6.263e-011	4.9243e-011	4.1451e-011	5.2304e-011	1.6385e-010	3.4065e-010	4.9695e-010	6.3087e-010	7.0698e-010	7.2716e-010	7.1937e-010	7.2835e-010	7.3175e-010	7.3887e-010	7.3668e-010	7.3821e-010	7.4906e-010	7.711e-010	7.8009e-010	7.723e-010	7.4959e-010	7.3807e-010	7.4892e-010	7.8588e-010	8.1538e-010	8.1318e-010	8.0352e-010	7.6776e-010	7.5997e-010	7.8574e-010	8.0778e-010	8.1117e-010	7.9779e-010	7.7694e-010	7.6356e-010	7.7627e-010	7.7594e-010	7.5696e-010	7.2306e-010	7.0035e-010	6.5527e-010	5.5611e-010	3.8609e-010	1.9184e-010	9.0815e-011	9.2346e-011	9.5741e-011	1.4389e-010	2.7035e-010	3.7816e-010
6.2662e-010	6.5053e-010	6.9494e-010	7.0953e-010	7.2411e-010	7.2005e-010	7.1039e-010	7.2497e-010	7.3769e-010	7.4108e-010	7.2583e-010	7.0499e-010	7.233e-010	7.6958e-010	7.9162e-010	7.9315e-010	7.7977e-010	7.5519e-010	7.3808e-010	7.4147e-010	7.43e-010	6.9792e-010	5.9876e-010	4.9028e-010	3.9671e-010	3.3484e-010	2.7484e-010	2.0552e-010	1.4179e-010	1.0229e-010	9.6367e-011	8.671e-011	6.7729e-011	6.1801e-011	6.3332e-011	5.7404e-011	1.0555e-010	2.0591e-010	3.5288e-010	5.1849e-010	6.3936e-010	7.1175e-010	7.2633e-010	7.26e-010	7.3685e-010	7.5516e-010	7.6415e-010	7.4703e-010	7.2619e-010	7.501e-010	7.8705e-010	8.091e-010	8.0876e-010	7.7859e-010	7.4843e-010	7.5368e-010	7.9251e-010	8.2014e-010	8.31e-010	8.1761e-010	7.8558e-010	7.5914e-010	7.6626e-010	7.6966e-010	7.6932e-010	7.5967e-010	7.6306e-010	7.8697e-010	8.0901e-010	8.1613e-010	7.8783e-010	7.4647e-010	7.2749e-010	6.8614e-010	5.7952e-010	3.9645e-010	1.8728e-010	9.1852e-011	8.9653e-011	8.9319e-011	1.2814e-010	2.2477e-010	2.7291e-010
6.9478e-010	6.814e-010	6.8666e-010	7.0497e-010	7.1023e-010	7.0803e-010	7.1702e-010	7.4838e-010	7.7042e-010	7.6636e-010	7.5111e-010	7.2467e-010	7.3552e-010	7.6689e-010	7.8707e-010	8.0724e-010	7.808e-010	7.525e-010	7.3538e-010	7.2759e-010	7.1421e-010	6.7658e-010	5.9047e-010	4.4843e-010	2.9892e-010	1.8298e-010	1.1366e-010	8.3489e-011	7.0102e-011	7.1633e-011	8.2486e-011	7.2829e-011	6.5037e-011	6.0973e-011	7.7421e-011	1.7032e-010	2.6321e-010	3.3933e-010	4.1172e-010	5.2326e-010	6.2921e-010	6.9227e-010	7.1618e-010	7.233e-010	7.5467e-010	7.8603e-010	7.8943e-010	7.8536e-010	7.5333e-010	7.6418e-010	7.8996e-010	8.1759e-010	8.1166e-010	7.9082e-010	7.6251e-010	7.5472e-010	7.8049e-010	8.0813e-010	8.1898e-010	7.9814e-010	7.6797e-010	7.5831e-010	7.6171e-010	7.5951e-010	7.5544e-010	7.4019e-010	7.6223e-010	7.9546e-010	8.2123e-010	8.3209e-010	8.1311e-010	7.7548e-010	7.3599e-010	6.7226e-010	5.5259e-010	4.0122e-010	2.2747e-010	8.7294e-011	7.3908e-011	7.7303e-011	1.124e-010	1.8665e-010	2.2174e-010
7.3311e-010	7.1413e-010	6.8583e-010	6.7431e-010	6.8702e-010	6.9788e-010	7.2178e-010	7.6993e-010	7.8824e-010	7.9164e-010	7.7266e-010	7.3876e-010	7.3283e-010	7.4928e-010	7.6013e-010	7.6353e-010	7.5574e-010	7.3676e-010	7.3083e-010	7.2863e-010	7.0965e-010	6.7575e-010	5.971e-010	4.5133e-010	2.7199e-010	1.0757e-010	6.8078e-011	5.842e-011	5.6222e-011	5.7752e-011	5.5553e-011	5.3355e-011	5.675e-011	6.9468e-011	1.9033e-010	3.0001e-010	3.6867e-010	4.5038e-010	5.1158e-010	5.7278e-010	6.3584e-010	6.728e-010	6.9857e-010	7.2807e-010	7.7249e-010	8.0758e-010	8.2216e-010	7.9945e-010	7.6928e-010	7.5963e-010	7.7607e-010	7.7947e-010	7.9965e-010	7.8253e-010	7.5982e-010	7.4643e-010	7.5542e-010	7.7187e-010	7.7527e-010	7.6374e-010	7.5222e-010	7.6867e-010	7.8698e-010	7.8851e-010	7.8072e-010	7.6174e-010	7.6141e-010	7.8904e-010	8.1481e-010	8.2753e-010	8.0855e-010	7.8398e-010	7.4635e-010	6.8075e-010	5.6108e-010	4.1531e-010	2.5275e-010	9.3924e-011	7.4944e-011	6.7151e-011	7.8005e-011	1.0937e-010	1.1649e-010
7.0804e-010	6.9279e-010	6.9059e-010	6.6975e-010	6.9552e-010	7.0451e-010	7.2469e-010	7.6724e-010	7.8369e-010	7.8894e-010	7.7929e-010	7.5285e-010	7.4133e-010	7.2794e-010	7.2388e-010	7.1795e-010	7.1389e-010	7.266e-010	7.3559e-010	7.2221e-010	7.0696e-010	6.7865e-010	5.8882e-010	4.4304e-010	2.6557e-010	8.8094e-011	5.7926e-011	5.5728e-011	4.98e-011	4.5736e-011	4.9131e-011	4.8797e-011	4.6599e-011	1.1712e-010	2.7155e-010	3.775e-010	4.5734e-010	5.4651e-010	6.0771e-010	6.3535e-010	6.723e-010	6.9435e-010	7.0706e-010	7.2165e-010	7.6793e-010	8.0675e-010	8.1201e-010	7.893e-010	7.6286e-010	7.4575e-010	7.5846e-010	7.6372e-010	7.6339e-010	7.556e-010	7.5153e-010	7.4188e-010	7.5087e-010	7.4867e-010	7.3715e-010	7.3681e-010	7.4207e-010	7.8089e-010	8.1599e-010	8.2125e-010	8.0973e-010	7.8142e-010	7.6431e-010	7.6957e-010	7.8788e-010	7.9687e-010	7.8721e-010	7.645e-010	7.3806e-010	6.7433e-010	5.6585e-010	4.4991e-010	3.0786e-010	1.3412e-010	8.1574e-011	7.5646e-011	7.5312e-011	7.1249e-011	7.8373e-011
6.0653e-010	6.1738e-010	6.4315e-010	6.857e-010	7.3198e-010	7.3724e-010	7.3318e-010	7.4776e-010	7.5675e-010	7.6388e-010	7.5795e-010	7.4456e-010	7.4982e-010	7.4762e-010	7.2678e-010	7.0593e-010	7.056e-010	7.2764e-010	7.3476e-010	7.1019e-010	6.707e-010	6.2748e-010	5.3391e-010	3.9373e-010	2.6288e-010	1.0218e-010	5.7098e-011	5.6764e-011	4.5242e-011	4.4908e-011	4.0845e-011	3.8646e-011	4.2041e-011	1.6291e-010	3.192e-010	4.438e-010	5.4602e-010	6.1654e-010	6.6096e-010	6.8113e-010	7.0131e-010	7.1962e-010	7.2861e-010	7.3014e-010	7.5218e-010	7.7422e-010	7.9254e-010	7.605e-010	7.4525e-010	7.3187e-010	7.4272e-010	7.4239e-010	7.29e-010	7.2866e-010	7.3206e-010	7.4478e-010	7.4258e-010	7.4411e-010	7.4564e-010	7.3598e-010	7.4311e-010	7.782e-010	8.0957e-010	8.2228e-010	8.1636e-010	7.8805e-010	7.6161e-010	7.5755e-010	7.684e-010	7.718e-010	7.5468e-010	7.4316e-010	7.3537e-010	6.9588e-010	6.1164e-010	5.0875e-010	3.723e-010	2.3025e-010	1.2363e-010	7.8547e-011	7.4484e-011	7.2285e-011	7.3816e-011
4.6585e-010	5.1027e-010	6.0503e-010	6.9233e-010	7.4234e-010	7.532e-010	7.454e-010	7.3015e-010	7.3168e-010	7.2762e-010	7.2915e-010	7.4933e-010	7.695e-010	7.7476e-010	7.5951e-010	7.3307e-010	7.1596e-010	7.3054e-010	7.2648e-010	7.019e-010	6.5495e-010	5.7631e-010	4.8088e-010	3.8358e-010	2.8629e-010	1.6102e-010	6.9322e-011	5.78e-011	4.8143e-011	3.8486e-011	4.0017e-011	3.9682e-011	4.4942e-011	1.8818e-010	3.6499e-010	5.045e-010	6.1418e-010	6.6979e-010	6.9369e-010	7.176e-010	7.3591e-010	7.3185e-010	7.3151e-010	7.2931e-010	7.4017e-010	7.3983e-010	7.339e-010	7.1492e-010	7.1086e-010	7.2731e-010	7.363e-010	7.2105e-010	7.1325e-010	7.036e-010	7.1072e-010	7.1412e-010	7.0259e-010	7.2091e-010	7.5041e-010	7.5567e-010	7.4787e-010	7.6805e-010	7.9196e-010	8.0654e-010	7.9688e-010	7.7417e-010	7.5333e-010	7.6605e-010	7.7131e-010	7.6911e-010	7.5386e-010	7.4606e-010	7.6624e-010	7.4353e-010	6.7607e-010	5.9183e-010	4.7962e-010	3.5622e-010	2.4587e-010	1.2433e-010	7.5521e-011	7.1457e-011	7.1123e-011
3.662e-010	4.274e-010	5.5199e-010	6.4302e-010	6.9863e-010	7.3559e-010	7.3712e-010	7.4238e-010	7.2526e-010	7.1001e-010	7.2646e-010	7.6528e-010	7.8919e-010	7.9818e-010	7.8293e-010	7.4716e-010	7.2818e-010	7.2785e-010	7.2006e-010	6.9548e-010	6.5413e-010	5.9039e-010	5.0056e-010	4.1259e-010	3.1716e-010	1.9749e-010	7.9682e-011	5.3243e-011	4.1721e-011	3.5793e-011	3.7324e-011	4.2583e-011	5.5302e-011	2.2092e-010	3.9772e-010	5.4842e-010	6.5251e-010	7.0066e-010	7.171e-010	7.2236e-010	7.3135e-010	7.2729e-010	7.1204e-010	7.117e-010	7.2256e-010	7.3714e-010	7.2562e-010	7.0664e-010	6.9698e-010	7.0038e-010	6.8512e-010	6.5682e-010	6.3971e-010	6.3191e-010	6.3904e-010	6.4616e-010	6.5142e-010	6.8651e-010	7.328e-010	7.567e-010	7.4518e-010	7.4858e-010	7.6502e-010	7.7215e-010	7.569e-010	7.4537e-010	7.5809e-010	7.82e-010	8.0218e-010	8.0184e-010	7.8659e-010	7.732e-010	7.7101e-010	7.6694e-010	7.3864e-010	6.7304e-010	5.8507e-010	4.6727e-010	3.6065e-010	2.3352e-010	9.7068e-011	7.4358e-011	8.1483e-011
3.4113e-010	3.3893e-010	4.4488e-010	5.4151e-010	6.1016e-010	6.7696e-010	7.2697e-010	7.4714e-010	7.3003e-010	7.2596e-010	7.2936e-010	7.5513e-010	7.809e-010	7.9175e-010	7.8396e-010	7.6125e-010	7.3295e-010	7.1583e-010	7.0804e-010	6.9092e-010	6.6821e-010	6.1754e-010	5.2397e-010	4.3786e-010	3.2752e-010	1.9293e-010	8.0718e-011	5.6144e-011	4.8352e-011	4.4288e-011	4.3954e-011	4.7349e-011	7.4984e-011	2.4433e-010	4.0995e-010	5.6624e-010	6.6846e-010	7.2034e-010	7.2187e-010	7.0848e-010	7.2307e-010	7.1527e-010	6.9816e-010	6.9596e-010	7.2732e-010	7.3445e-010	7.2106e-010	6.8716e-010	6.4954e-010	6.2683e-010	5.9479e-010	5.4784e-010	5.2327e-010	5.3599e-010	5.9346e-010	6.472e-010	6.5432e-010	6.5212e-010	7.1332e-010	7.4096e-010	7.3689e-010	7.4029e-010	7.4928e-010	7.5267e-010	7.5234e-010	7.4082e-010	7.6286e-010	7.9982e-010	8.1999e-010	8.2525e-010	8.156e-010	7.8356e-010	7.6458e-010	7.6238e-010	7.5273e-010	7.1324e-010	6.3459e-010	5.1305e-010	4.1016e-010	2.9049e-010	1.2421e-010	7.1665e-011	7.879e-011
3.1047e-010	2.5047e-010	2.8556e-010	3.971e-010	5.0865e-010	6.0527e-010	6.6647e-010	6.997e-010	7.1988e-010	7.3259e-010	7.2667e-010	7.3006e-010	7.6143e-010	7.7414e-010	7.6076e-010	7.5669e-010	7.6009e-010	7.3924e-010	7.1094e-010	6.9383e-010	6.9909e-010	6.7265e-010	5.9773e-010	5.0976e-010	3.9382e-010	2.5736e-010	1.5634e-010	9.6338e-011	6.617e-011	6.0242e-011	5.4314e-011	6.7032e-011	1.4874e-010	2.9944e-010	4.3523e-010	5.6541e-010	6.6018e-010	7.0832e-010	7.0799e-010	7.002e-010	7.1664e-010	7.1444e-010	7.0479e-010	7.0259e-010	7.0412e-010	7.0565e-010	6.587e-010	6.0429e-010	5.4802e-010	5.0853e-010	4.7649e-010	4.4073e-010	4.1243e-010	4.5498e-010	5.4228e-010	6.0162e-010	6.1247e-010	6.2519e-010	6.8825e-010	7.2335e-010	7.2861e-010	7.4319e-010	7.7455e-010	7.91e-010	7.888e-010	7.6982e-010	7.6762e-010	7.9712e-010	8.1544e-010	8.2256e-010	8.0544e-010	7.7714e-010	7.6189e-010	7.5037e-010	7.3698e-010	7.2919e-010	6.6173e-010	5.6443e-010	4.5036e-010	3.1391e-010	1.4949e-010	8.2025e-011	7.2368e-011
3.0591e-010	2.0675e-010	1.2437e-010	2.3405e-010	3.6797e-010	4.8511e-010	5.6495e-010	6.3734e-010	7.0227e-010	7.3363e-010	7.1465e-010	7.1059e-010	7.3263e-010	7.4348e-010	7.4688e-010	7.7078e-010	8.0588e-010	7.9622e-010	7.3808e-010	7.191e-010	7.2063e-010	7.1098e-010	6.7521e-010	6.1894e-010	5.291e-010	4.3554e-010	3.3638e-010	2.3349e-010	1.2874e-010	8.7383e-011	1.318e-010	2.2097e-010	3.1759e-010	3.8812e-010	4.7355e-010	5.7018e-010	6.407e-010	6.8885e-010	6.9411e-010	6.8632e-010	7.1395e-010	7.248e-010	7.2447e-010	7.0362e-010	6.7532e-010	6.4515e-010	5.721e-010	4.8972e-010	4.1667e-010	3.8277e-010	3.8057e-010	3.4854e-010	2.9786e-010	3.6838e-010	4.5941e-010	5.1129e-010	5.4079e-010	6.0945e-010	6.9488e-010	7.076e-010	7.2964e-010	7.5728e-010	7.9051e-010	8.1255e-010	8.1967e-010	7.9883e-010	7.7612e-010	7.7765e-010	7.885e-010	7.863e-010	7.7478e-010	7.5394e-010	7.5174e-010	7.5327e-010	7.4921e-010	7.5633e-010	7.2243e-010	6.4192e-010	5.1479e-010	3.5969e-010	2.2324e-010	1.0357e-010	7.8998e-011
2.9762e-010	1.8728e-010	5.8283e-011	7.4731e-011	1.7695e-010	3.3325e-010	4.8022e-010	5.9735e-010	6.7906e-010	7.1229e-010	7.0077e-010	7.1349e-010	7.3553e-010	7.2401e-010	7.3859e-010	7.7368e-010	8.0505e-010	8.0471e-010	7.6522e-010	7.3133e-010	7.254e-010	7.3625e-010	7.1914e-010	6.7778e-010	6.2337e-010	5.671e-010	4.8286e-010	3.8929e-010	2.8454e-010	2.6369e-010	3.1743e-010	3.805e-010	4.6407e-010	5.3273e-010	5.8274e-010	6.2716e-010	6.6225e-010	6.8429e-010	6.8769e-010	6.8176e-010	7.1126e-010	7.333e-010	7.3296e-010	7.0093e-010	6.5585e-010	6.089e-010	5.0601e-010	4.2177e-010	3.4125e-010	2.7566e-010	2.5668e-010	2.1159e-010	2.1126e-010	3.2467e-010	4.0638e-010	4.6571e-010	5.325e-010	6.3659e-010	7.183e-010	7.3847e-010	7.456e-010	7.6018e-010	7.8782e-010	8.1359e-010	8.2444e-010	8.0919e-010	7.7343e-010	7.6004e-010	7.6903e-010	7.6683e-010	7.4971e-010	7.3633e-010	7.3599e-010	7.4685e-010	7.6143e-010	7.8534e-010	7.6822e-010	6.9703e-010	5.6058e-010	4.2226e-010	2.9327e-010	1.5309e-010	9.3087e-011
3.2476e-010	1.7712e-010	4.6267e-011	4.5933e-011	1.0154e-010	2.858e-010	4.421e-010	5.6296e-010	6.4094e-010	6.7604e-010	6.8502e-010	7.0334e-010	7.1978e-010	7.2691e-010	7.2657e-010	7.6353e-010	7.7625e-010	7.6659e-010	7.4388e-010	7.2677e-010	7.4322e-010	7.4475e-010	7.2763e-010	7.1052e-010	6.8967e-010	6.5764e-010	5.9204e-010	5.2645e-010	4.4034e-010	4.2695e-010	4.6205e-010	5.1019e-010	5.8631e-010	6.3818e-010	6.6768e-010	6.8786e-010	7.0804e-010	7.2821e-010	7.1483e-010	7.0517e-010	7.1416e-010	7.3061e-010	7.2281e-010	6.9265e-010	6.5129e-010	5.8942e-010	4.7348e-010	3.5568e-010	2.5465e-010	1.499e-010	1.1414e-010	1.0075e-010	1.9738e-010	3.1451e-010	4.0741e-010	4.6488e-010	5.4659e-010	6.6186e-010	7.3052e-010	7.507e-010	7.5223e-010	7.6122e-010	7.7766e-010	8.0157e-010	8.0124e-010	7.9158e-010	7.6141e-010	7.5548e-010	7.7193e-010	7.8651e-010	7.7313e-010	7.4669e-010	7.4262e-010	7.5721e-010	7.7738e-010	7.8264e-010	7.5807e-010	6.8501e-010	5.728e-010	4.6246e-010	3.577e-010	2.4363e-010	1.3142e-010
3.0343e-010	1.707e-010	4.3574e-011	4.6969e-011	1.0071e-010	2.6819e-010	4.0397e-010	5.0992e-010	5.935e-010	6.491e-010	6.7674e-010	6.82e-010	6.9472e-010	7.0557e-010	7.2202e-010	7.3287e-010	7.3254e-010	7.2102e-010	7.1136e-010	7.2594e-010	7.629e-010	7.8308e-010	7.5291e-010	7.2087e-010	7.1868e-010	7.1088e-010	6.8817e-010	6.375e-010	5.8495e-010	5.6597e-010	5.7869e-010	6.1378e-010	6.6566e-010	6.9889e-010	7.0788e-010	7.3924e-010	7.6128e-010	7.4976e-010	7.3824e-010	7.3045e-010	7.2825e-010	7.3164e-010	7.1826e-010	6.8436e-010	6.4673e-010	5.7554e-010	4.4841e-010	2.9891e-010	1.5314e-010	7.6351e-011	7.7882e-011	7.1954e-011	1.7604e-010	2.9691e-010	3.8234e-010	4.4354e-010	5.5136e-010	6.6103e-010	7.2037e-010	7.3495e-010	7.3275e-010	7.4361e-010	7.6005e-010	7.7091e-010	7.6684e-010	7.5159e-010	7.4194e-010	7.5838e-010	7.9721e-010	8.2111e-010	8.1332e-010	7.8129e-010	7.5298e-010	7.713e-010	7.6537e-010	7.5944e-010	7.3673e-010	6.9537e-010	6.4283e-010	5.9215e-010	5.1537e-010	3.9943e-010	2.6298e-010
2.653e-010	1.5309e-010	4.6475e-011	3.4954e-011	1.1293e-010	2.5804e-010	3.6585e-010	4.5502e-010	5.4792e-010	6.3895e-010	6.871e-010	6.9609e-010	6.7711e-010	6.8423e-010	7.0627e-010	7.1899e-010	7.2425e-010	7.1086e-010	7.0494e-010	7.3816e-010	7.8818e-010	8.0462e-010	7.8378e-010	7.4056e-010	7.2717e-010	7.2124e-010	7.1718e-010	6.9633e-010	6.6617e-010	6.5464e-010	6.5804e-010	6.8568e-010	7.0772e-010	7.223e-010	7.4061e-010	7.9062e-010	7.8283e-010	7.769e-010	7.3741e-010	7.3335e-010	7.3674e-010	7.3081e-010	7.1929e-010	6.8353e-010	6.3845e-010	5.6166e-010	4.3826e-010	3.1486e-010	1.7655e-010	6.9929e-011	6.7731e-011	5.9938e-011	1.2487e-010	2.3454e-010	3.2744e-010	4.1474e-010	5.2629e-010	6.2664e-010	6.9344e-010	7.1175e-010	7.1514e-010	7.2786e-010	7.4244e-010	7.533e-010	7.5483e-010	7.3585e-010	7.3178e-010	7.6128e-010	7.9638e-010	8.2774e-010	8.2741e-010	7.8792e-010	7.6334e-010	7.7047e-010	7.7386e-010	7.6421e-010	7.4523e-010	7.3184e-010	7.2032e-010	6.9388e-010	6.3947e-010	5.4218e-010	4.0572e-010
2.5329e-010	1.2989e-010	4.3783e-011	4.1584e-011	1.0465e-010	2.3857e-010	3.4079e-010	4.1877e-010	5.1166e-010	6.1202e-010	6.6389e-010	6.6542e-010	6.6323e-010	6.7781e-010	6.9053e-010	7.0511e-010	7.141e-010	7.0817e-010	7.1343e-010	7.3734e-010	7.7243e-010	7.8328e-010	7.643e-010	7.3973e-010	7.2821e-010	7.2787e-010	7.2567e-010	7.1602e-010	7.0263e-010	6.9857e-010	7.0942e-010	7.2214e-010	7.3486e-010	7.4198e-010	7.5284e-010	7.8234e-010	7.8946e-010	7.5743e-010	7.198e-010	7.1201e-010	7.3405e-010	7.3931e-010	7.166e-010	6.7338e-010	6.3016e-010	5.4405e-010	4.2438e-010	3.2522e-010	1.8877e-010	6.5372e-011	4.4527e-011	5.5381e-011	7.1828e-011	1.6659e-010	2.6322e-010	3.5052e-010	4.6579e-010	5.6615e-010	6.3294e-010	6.7176e-010	6.8448e-010	6.9533e-010	7.2111e-010	7.4501e-010	7.5959e-010	7.5367e-010	7.4401e-010	7.5859e-010	7.769e-010	7.9335e-010	7.8742e-010	7.5912e-010	7.6252e-010	7.8456e-010	8.01e-010	7.9881e-010	7.8169e-010	7.683e-010	7.6983e-010	7.5831e-010	7.1136e-010	6.2898e-010	5.1491e-010
2.6551e-010	1.6822e-010	6.1601e-011	4.0756e-011	7.3985e-011	1.9299e-010	2.8588e-010	3.6386e-010	4.493e-010	5.3101e-010	5.6797e-010	5.7137e-010	5.9714e-010	6.3969e-010	6.6732e-010	6.8191e-010	7.0208e-010	7.1667e-010	7.182e-010	7.3464e-010	7.455e-010	7.4143e-010	7.2805e-010	7.2398e-010	7.423e-010	7.5501e-010	7.5655e-010	7.4502e-010	7.2045e-010	7.1639e-010	7.3283e-010	7.4742e-010	7.4149e-010	7.3929e-010	7.3709e-010	7.554e-010	7.588e-010	7.4168e-010	7.1897e-010	7.1118e-010	7.3882e-010	7.478e-010	7.2696e-010	6.7628e-010	6.2933e-010	5.4322e-010	4.0491e-010	2.7405e-010	1.3573e-010	5.1491e-011	4.1834e-011	5.0823e-011	6.1677e-011	1.3033e-010	2.0086e-010	2.6392e-010	3.68e-010	4.7209e-010	5.4634e-010	6.0754e-010	6.445e-010	6.6654e-010	6.9231e-010	7.1808e-010	7.5131e-010	7.547e-010	7.4877e-010	7.5217e-010	7.6116e-010	7.6642e-010	7.5303e-010	7.4151e-010	7.6728e-010	7.9678e-010	8.1509e-010	8.2595e-010	8.051e-010	7.8426e-010	7.6901e-010	7.6494e-010	7.385e-010	6.841e-010	5.9426e-010
3.1503e-010	2.4011e-010	1.0366e-010	3.2469e-011	4.1458e-011	9.5198e-011	2.0301e-010	2.8286e-010	3.5897e-010	4.1831e-010	4.5526e-010	4.6985e-010	5.0494e-010	5.5495e-010	6.0869e-010	6.643e-010	7.1244e-010	7.3635e-010	7.3601e-010	7.3754e-010	7.3535e-010	7.1264e-010	6.9925e-010	7.1943e-010	7.5825e-010	7.7656e-010	7.8928e-010	7.7403e-010	7.5505e-010	7.398e-010	7.3573e-010	7.3726e-010	7.2574e-010	7.2727e-010	7.3626e-010	7.5644e-010	7.7102e-010	7.6696e-010	7.4798e-010	7.3086e-010	7.3239e-010	7.3765e-010	7.1681e-010	6.8105e-010	6.3969e-010	5.5918e-010	4.0781e-010	2.6203e-010	1.0507e-010	5.4392e-011	4.287e-011	4.4401e-011	4.7796e-011	7.9161e-011	1.1053e-010	1.5681e-010	2.4784e-010	3.4633e-010	4.4669e-010	5.1534e-010	5.6722e-010	6.1536e-010	6.5046e-010	6.7436e-010	7.0573e-010	7.2963e-010	7.3676e-010	7.5134e-010	7.6779e-010	7.7305e-010	7.6339e-010	7.5187e-010	7.6645e-010	7.9595e-010	8.1799e-010	8.1952e-010	8.0241e-010	7.797e-010	7.6631e-010	7.5666e-010	7.4327e-010	7.1683e-010	6.4564e-010
3.3844e-010	2.6539e-010	1.2148e-010	2.9776e-011	3.5036e-011	4.589e-011	8.6577e-011	1.571e-010	2.4067e-010	3.0374e-010	3.4069e-010	3.7952e-010	4.1648e-010	4.814e-010	5.6311e-010	6.5042e-010	7.0975e-010	7.4111e-010	7.501e-010	7.5723e-010	7.4757e-010	7.1927e-010	7.0961e-010	7.2419e-010	7.5556e-010	7.776e-010	7.8845e-010	7.7693e-010	7.5609e-010	7.4083e-010	7.405e-010	7.3271e-010	7.3051e-010	7.1339e-010	7.3916e-010	7.7612e-010	7.9257e-010	7.9969e-010	7.8444e-010	7.5241e-010	7.3529e-010	7.2937e-010	7.0666e-010	6.8022e-010	6.4259e-010	5.5089e-010	4.0139e-010	2.5188e-010	8.7461e-011	5.17e-011	4.3907e-011	4.1708e-011	4.8833e-011	4.6634e-011	5.1894e-011	6.8341e-011	1.1276e-010	1.982e-010	2.8923e-010	3.784e-010	4.6011e-010	5.3249e-010	5.8437e-010	6.3811e-010	6.7507e-010	7.083e-010	7.322e-010	7.617e-010	7.8747e-010	8.0578e-010	7.9613e-010	7.8274e-010	7.7681e-010	7.914e-010	8.0411e-010	8.0937e-010	7.8293e-010	7.5277e-010	7.4311e-010	7.521e-010	7.5922e-010	7.3838e-010	6.7465e-010
4.3084e-010	3.2236e-010	1.5981e-010	5.1323e-011	3.9802e-011	4.3197e-011	5.5915e-011	7.9821e-011	1.2983e-010	2.0408e-010	2.5969e-010	2.9478e-010	3.4106e-010	4.0413e-010	5.2313e-010	6.3094e-010	6.996e-010	7.3283e-010	7.6419e-010	7.8996e-010	7.8031e-010	7.5387e-010	7.3116e-010	7.215e-010	7.4354e-010	7.6558e-010	7.7457e-010	7.5932e-010	7.422e-010	7.4933e-010	7.6205e-010	7.6358e-010	7.5019e-010	7.3308e-010	7.4766e-010	7.7902e-010	7.9734e-010	8.0632e-010	7.8548e-010	7.5718e-010	7.382e-010	7.2108e-010	7.021e-010	6.7566e-010	6.3803e-010	5.4074e-010	3.8751e-010	2.3054e-010	7.9175e-011	4.7142e-011	4.3079e-011	4.4609e-011	4.2411e-011	3.8347e-011	4.5472e-011	5.4461e-011	5.972e-011	8.5491e-011	1.4482e-010	2.3399e-010	3.3994e-010	4.2725e-010	5.0709e-010	5.7575e-010	6.4254e-010	6.9255e-010	7.2578e-010	7.6833e-010	8.0715e-010	8.236e-010	8.27e-010	8.1548e-010	7.8531e-010	7.6633e-010	7.7905e-010	7.843e-010	7.4668e-010	7.2956e-010	7.4415e-010	7.6246e-010	7.6212e-010	7.4314e-010	6.906e-010
5.5308e-010	4.2782e-010	3.0069e-010	2.2391e-010	1.1542e-010	4.9827e-011	4.5764e-011	4.9159e-011	6.0012e-011	8.2054e-011	1.1715e-010	1.5784e-010	2.2649e-010	3.6228e-010	5.2416e-010	6.3384e-010	6.9877e-010	7.3573e-010	7.6709e-010	7.8727e-010	7.8321e-010	7.5677e-010	7.3965e-010	7.2254e-010	7.222e-010	7.3119e-010	7.3086e-010	7.2306e-010	7.3578e-010	7.6155e-010	7.8359e-010	8.0004e-010	7.8666e-010	7.5649e-010	7.4683e-010	7.6328e-010	7.8345e-010	7.7753e-010	7.6228e-010	7.377e-010	7.3737e-010	7.2771e-010	6.9941e-010	6.711e-010	6.2602e-010	5.194e-010	3.7735e-010	2.6328e-010	1.2123e-010	5.7502e-011	4.9709e-011	4.3781e-011	4.3447e-011	4.3113e-011	4.2779e-011	5.3632e-011	5.5163e-011	6.0423e-011	7.1276e-011	1.101e-010	1.974e-010	2.9776e-010	4.093e-010	5.0779e-010	6.1001e-010	6.8426e-010	7.3427e-010	7.675e-010	7.97e-010	8.2091e-010	8.2058e-010	8.0532e-010	7.8448e-010	7.7296e-010	7.7822e-010	7.7229e-010	7.5331e-010	7.3992e-010	7.4705e-010	7.5976e-010	7.6316e-010	7.4418e-010	7.0469e-010
6.2124e-010	5.3141e-010	5.0497e-010	4.3564e-010	3.0852e-010	1.2918e-010	4.4935e-011	4.8331e-011	4.9861e-011	5.3256e-011	5.6651e-011	7.6828e-011	1.9769e-010	3.8942e-010	5.4571e-010	6.5912e-010	7.1099e-010	7.3117e-010	7.5135e-010	7.622e-010	7.5627e-010	7.4475e-010	7.2391e-010	7.0679e-010	6.9713e-010	6.9866e-010	7.0952e-010	7.1478e-010	7.2936e-010	7.6818e-010	7.9768e-010	8.1413e-010	8.0447e-010	7.7244e-010	7.3854e-010	7.438e-010	7.5093e-010	7.5059e-010	7.3534e-010	7.3128e-010	7.3467e-010	7.3061e-010	7.0604e-010	6.6282e-010	6.14e-010	4.9806e-010	3.9144e-010	2.9601e-010	1.7075e-010	6.9726e-011	6.1933e-011	5.2276e-011	4.8213e-011	4.9743e-011	5.3138e-011	4.9075e-011	4.8741e-011	5.5865e-011	6.299e-011	6.452e-011	9.5885e-011	2.1675e-010	3.4508e-010	4.6967e-010	6.0732e-010	6.9835e-010	7.4836e-010	7.6854e-010	7.8126e-010	7.9025e-010	7.8618e-010	7.728e-010	7.65e-010	7.8332e-010	8.0349e-010	7.9943e-010	7.935e-010	7.7079e-010	7.5181e-010	7.5334e-010	7.5301e-010	7.3776e-010	7.2064e-010
6.4466e-010	6.4992e-010	6.3094e-010	5.7653e-010	4.4194e-010	2.4955e-010	6.6483e-011	4.5638e-011	5.2762e-011	4.8699e-011	4.4635e-011	4.9895e-011	1.8941e-010	4.0164e-010	5.6166e-010	6.6016e-010	7.083e-010	7.2102e-010	7.2628e-010	7.3713e-010	7.3493e-010	7.2155e-010	7.0443e-010	6.8359e-010	6.7393e-010	6.9784e-010	7.4598e-010	7.6243e-010	7.4718e-010	7.5617e-010	7.838e-010	7.9466e-010	7.8873e-010	7.6415e-010	7.4704e-010	7.5603e-010	7.5569e-010	7.4977e-010	7.2333e-010	7.2486e-010	7.3944e-010	7.3165e-010	6.9589e-010	6.7131e-010	6.2436e-010	5.2893e-010	4.3537e-010	3.1383e-010	1.7365e-010	1.7332e-010	1.4501e-010	8.3146e-011	3.9926e-011	3.7727e-011	4.2987e-011	4.2653e-011	4.4183e-011	5.5037e-011	5.0974e-011	4.691e-011	6.7087e-011	1.3761e-010	2.6593e-010	4.2969e-010	5.7666e-010	6.8074e-010	7.4194e-010	7.5839e-010	7.6365e-010	7.6145e-010	7.5179e-010	7.3841e-010	7.4367e-010	7.8435e-010	8.1572e-010	8.2471e-010	8.1505e-010	7.8488e-010	7.5658e-010	7.5997e-010	7.5777e-010	7.5185e-010	7.4219e-010
6.6434e-010	6.9197e-010	6.9723e-010	6.4842e-010	5.1756e-010	3.1398e-010	1.2905e-010	6.1591e-011	4.634e-011	4.6006e-011	4.5672e-011	5.2796e-011	2.0536e-010	4.1573e-010	5.5711e-010	6.5187e-010	6.9442e-010	7.09e-010	7.3291e-010	7.4376e-010	7.4529e-010	7.3191e-010	7.0547e-010	6.7903e-010	6.4886e-010	7.1192e-010	7.7499e-010	7.9144e-010	7.6127e-010	7.4042e-010	7.5128e-010	7.6586e-010	7.5247e-010	7.4654e-010	7.6299e-010	7.813e-010	7.9402e-010	7.8623e-010	7.542e-010	7.2962e-010	7.2929e-010	7.1963e-010	7.0065e-010	6.9659e-010	6.832e-010	6.2879e-010	5.0912e-010	3.2979e-010	2.1571e-010	2.4707e-010	2.2436e-010	1.308e-010	4.6556e-011	3.317e-011	3.6565e-011	3.2502e-011	3.7761e-011	6.3532e-011	5.0145e-011	5.5405e-011	5.6936e-011	6.406e-011	1.3458e-010	3.1512e-010	5.087e-010	6.3889e-010	7.0382e-010	7.3891e-010	7.5536e-010	7.6435e-010	7.5283e-010	7.4131e-010	7.4284e-010	7.8166e-010	8.1862e-010	8.2388e-010	8.1609e-010	7.8592e-010	7.7253e-010	7.8525e-010	7.9051e-010	7.8645e-010	7.6374e-010
6.5605e-010	7.0047e-010	7.1692e-010	6.42e-010	5.1114e-010	3.0943e-010	2.2705e-010	1.7078e-010	8.2804e-011	5.0772e-011	4.2979e-011	5.3833e-011	2.1013e-010	4.0931e-010	5.395e-010	6.268e-010	6.8427e-010	7.1936e-010	7.5259e-010	7.8023e-010	7.8549e-010	7.6091e-010	7.3075e-010	6.9871e-010	6.7227e-010	7.0364e-010	7.4806e-010	7.645e-010	7.5485e-010	7.5265e-010	7.5604e-010	7.5571e-010	7.33e-010	7.3826e-010	7.6962e-010	7.9726e-010	8.0998e-010	8.0778e-010	7.7574e-010	7.4185e-010	7.2287e-010	7.0948e-010	7.0728e-010	7.1814e-010	7.1407e-010	6.6339e-010	5.2881e-010	3.3642e-010	2.1302e-010	2.4625e-010	2.3659e-010	1.4489e-010	4.0134e-011	3.2342e-011	3.5737e-011	2.6079e-011	3.8798e-011	4.5922e-011	4.7453e-011	5.0848e-011	5.7972e-011	5.9503e-011	8.5273e-011	2.8259e-010	4.9296e-010	6.2501e-010	6.9553e-010	7.4554e-010	7.7318e-010	7.859e-010	7.8929e-010	7.7404e-010	7.5506e-010	7.6964e-010	7.8796e-010	8.0067e-010	7.8542e-010	7.7204e-010	7.8103e-010	8.1053e-010	8.2884e-010	8.1359e-010	7.7969e-010
6.0301e-010	6.4557e-010	6.471e-010	5.8523e-010	4.5997e-010	3.6827e-010	3.2318e-010	2.8555e-010	1.9199e-010	7.4184e-011	4.2151e-011	5.3005e-011	2.3167e-010	4.1594e-010	5.4053e-010	6.2784e-010	6.909e-010	7.2599e-010	7.7041e-010	7.9059e-010	7.9958e-010	7.8246e-010	7.411e-010	7.128e-010	7.0874e-010	7.0654e-010	7.118e-010	7.2452e-010	7.5775e-010	7.8725e-010	7.9251e-010	7.7166e-010	7.5268e-010	7.3556e-010	7.5761e-010	7.8711e-010	7.9982e-010	7.9017e-010	7.6746e-010	7.317e-010	7.1085e-010	7.0119e-010	7.0086e-010	6.968e-010	6.89e-010	6.346e-010	5.0001e-010	3.0762e-010	1.5998e-010	1.5964e-010	1.4066e-010	5.8286e-011	3.5577e-011	3.5243e-011	3.8638e-011	3.6439e-011	4.3563e-011	4.6959e-011	5.2218e-011	6.3072e-011	8.8843e-011	9.2238e-011	1.0309e-010	2.9295e-010	4.9213e-010	6.1673e-010	6.9471e-010	7.4658e-010	7.8167e-010	8.0931e-010	8.1084e-010	7.9932e-010	7.7101e-010	7.6136e-010	7.5916e-010	7.6069e-010	7.4917e-010	7.4697e-010	7.9139e-010	8.2648e-010	8.4479e-010	8.2768e-010	7.9378e-010
4.8844e-010	5.1981e-010	5.288e-010	4.8558e-010	4.5727e-010	4.327e-010	3.9134e-010	3.4066e-010	2.3778e-010	9.5731e-011	5.8104e-011	7.0823e-011	2.6254e-010	4.4308e-010	5.6767e-010	6.3633e-010	6.9567e-010	7.2144e-010	7.6026e-010	7.8044e-010	7.7078e-010	7.5739e-010	7.4214e-010	7.3248e-010	7.3588e-010	7.3927e-010	7.2402e-010	7.3115e-010	7.6624e-010	8.0693e-010	8.1778e-010	7.9694e-010	7.5558e-010	7.3474e-010	7.3627e-010	7.4899e-010	7.5797e-010	7.5018e-010	7.368e-010	7.2154e-010	7.1748e-010	7.0782e-010	6.8884e-010	6.5681e-010	6.0427e-010	5.2375e-010	4.0408e-010	2.8068e-010	1.2372e-010	6.745e-011	5.5928e-011	4.4406e-011	4.2207e-011	4.1873e-011	3.5945e-011	3.5611e-011	4.6464e-011	6.6641e-011	1.3903e-010	2.1328e-010	2.5397e-010	2.5736e-010	2.8127e-010	3.8162e-010	5.1368e-010	6.2895e-010	7.0506e-010	7.4762e-010	7.7712e-010	7.9729e-010	8.0069e-010	8.0035e-010	7.7578e-010	7.5121e-010	7.546e-010	7.4681e-010	7.3529e-010	7.4428e-010	7.7751e-010	8.0887e-010	8.2905e-010	8.1566e-010	7.7803e-010
2.9742e-010	3.5489e-010	3.9372e-010	4.1016e-010	3.9864e-010	4.6357e-010	4.5391e-010	4.2002e-010	3.0967e-010	2.0864e-010	1.1881e-010	1.4458e-010	3.0647e-010	4.7395e-010	5.9109e-010	6.5974e-010	6.967e-010	7.0942e-010	7.24e-010	7.4604e-010	7.4198e-010	7.2487e-010	7.264e-010	7.559e-010	7.798e-010	7.7387e-010	7.5676e-010	7.3964e-010	7.5795e-010	7.9491e-010	8.039e-010	7.8679e-010	7.5289e-010	7.2459e-010	7.2425e-010	7.2392e-010	7.1053e-010	7.1206e-010	7.0427e-010	7.1326e-010	7.2971e-010	7.1445e-010	6.8615e-010	6.392e-010	5.475e-010	4.5021e-010	3.7902e-010	2.7986e-010	1.0611e-010	4.4246e-011	4.3912e-011	5.1036e-011	5.4431e-011	5.0368e-011	4.8169e-011	8.1398e-011	1.5192e-010	2.3176e-010	2.9669e-010	3.467e-010	3.8366e-010	4.1689e-010	4.8555e-010	5.5234e-010	6.0981e-010	6.7101e-010	7.2661e-010	7.4306e-010	7.5578e-010	7.6663e-010	7.7562e-010	7.6969e-010	7.4885e-010	7.3546e-010	7.4072e-010	7.4971e-010	7.4751e-010	7.5464e-010	7.6549e-010	7.8753e-010	7.9465e-010	7.7008e-010	7.4737e-010
8.4029e-011	1.732e-010	2.9406e-010	3.4967e-010	4.2765e-010	5.0936e-010	5.6123e-010	5.4971e-010	4.5987e-010	3.5139e-010	2.6529e-010	2.5936e-010	3.5225e-010	5.0109e-010	6.1077e-010	6.757e-010	7.0333e-010	7.1419e-010	7.2504e-010	7.2657e-010	7.1132e-010	7.0539e-010	7.0879e-010	7.5693e-010	7.883e-010	7.9356e-010	7.6712e-010	7.3695e-010	7.3475e-010	7.4933e-010	7.6392e-010	7.5239e-010	7.2596e-010	7.2003e-010	7.2715e-010	7.1936e-010	7.0038e-010	6.814e-010	6.8293e-010	6.9378e-010	7.0277e-010	6.8566e-010	6.3498e-010	5.7684e-010	4.9633e-010	4.1395e-010	3.5768e-010	2.753e-010	1.1834e-010	3.4095e-011	3.1896e-011	5.2073e-011	5.3603e-011	6.6321e-011	1.5362e-010	2.4279e-010	3.1145e-010	3.596e-010	4.0588e-010	4.708e-010	5.4692e-010	6.0066e-010	6.5626e-010	6.7458e-010	6.9475e-010	7.1493e-010	7.3884e-010	7.4037e-010	7.4003e-010	7.4716e-010	7.4496e-010	7.2598e-010	7.1446e-010	7.0853e-010	7.2311e-010	7.3583e-010	7.4482e-010	7.4821e-010	7.5161e-010	7.5314e-010	7.5653e-010	7.4128e-010	7.3722e-010
4.5908e-011	1.3881e-010	2.5035e-010	3.2833e-010	4.3987e-010	5.7006e-010	6.2194e-010	6.1414e-010	5.4668e-010	3.9718e-010	3.6515e-010	4.1329e-010	4.5771e-010	5.2077e-010	6.1926e-010	6.7114e-010	7.081e-010	7.4133e-010	7.5964e-010	7.5931e-010	7.3287e-010	7.0643e-010	7.1728e-010	7.5797e-010	7.7628e-010	7.8527e-010	7.6629e-010	7.4358e-010	7.2833e-010	7.2427e-010	7.2207e-010	7.1054e-010	7.0835e-010	7.1547e-010	7.2073e-010	7.0921e-010	6.6226e-010	6.3209e-010	6.3362e-010	6.3329e-010	6.2922e-010	5.9533e-010	5.2414e-010	4.7532e-010	4.1905e-010	3.721e-010	3.1396e-010	1.9989e-010	6.157e-011	3.6996e-011	3.6661e-011	5.3109e-011	7.888e-011	1.6805e-010	2.7959e-010	3.6503e-010	4.2996e-010	4.9675e-010	5.6354e-010	6.2474e-010	6.8594e-010	7.1357e-010	7.2816e-010	7.3342e-010	7.2935e-010	7.3648e-010	7.436e-010	7.3208e-010	7.2615e-010	7.2955e-010	7.3294e-010	7.2329e-010	7.0058e-010	6.816e-010	6.9058e-010	6.9957e-010	7.2161e-010	7.2315e-010	7.2468e-010	7.3553e-010	7.4825e-010	7.4791e-010	7.4758e-010
1.4391e-010	2.2002e-010	2.6444e-010	3.2004e-010	4.4091e-010	5.5805e-010	6.1924e-010	6.1332e-010	5.328e-010	4.6161e-010	5.3027e-010	5.952e-010	6.0605e-010	5.908e-010	6.2589e-010	6.7591e-010	7.1659e-010	7.6474e-010	7.9051e-010	7.8645e-010	7.6187e-010	7.317e-010	7.1459e-010	7.3849e-010	7.4748e-010	7.5274e-010	7.4122e-010	7.2038e-010	7.1818e-010	7.2157e-010	7.1564e-010	7.0039e-010	6.7955e-010	6.7549e-010	6.6769e-010	6.2634e-010	5.7379e-010	5.2498e-010	5.3397e-010	5.2804e-010	5.016e-010	4.5652e-010	4.3008e-010	4.0737e-010	3.772e-010	3.3398e-010	2.5347e-010	1.0769e-010	4.0231e-011	3.0574e-011	6.0073e-011	1.25e-010	2.1603e-010	3.2571e-010	4.3912e-010	5.3202e-010	6.0067e-010	6.4696e-010	6.8764e-010	7.246e-010	7.6156e-010	7.6309e-010	7.5903e-010	7.4378e-010	7.3225e-010	7.3565e-010	7.4091e-010	7.2193e-010	7.2159e-010	7.2872e-010	7.2839e-010	7.2619e-010	6.867e-010	6.3975e-010	6.3755e-010	6.5586e-010	6.8163e-010	6.9994e-010	7.0893e-010	7.2351e-010	7.4183e-010	7.5454e-010	7.6353e-010
1.841e-010	2.5835e-010	3.009e-010	3.3227e-010	4.0465e-010	4.9755e-010	5.6061e-010	5.8079e-010	5.5249e-010	5.9317e-010	6.581e-010	6.9692e-010	7.1151e-010	6.8134e-010	6.549e-010	6.844e-010	7.2695e-010	7.7323e-010	8.0646e-010	8.0426e-010	7.741e-010	7.4579e-010	7.1935e-010	7.1156e-010	7.1496e-010	7.1462e-010	7.0869e-010	7.0463e-010	7.1548e-010	7.1888e-010	6.9803e-010	6.5668e-010	6.06e-010	5.7956e-010	5.4193e-010	4.9312e-010	4.3312e-010	4.1787e-010	4.3618e-010	4.3771e-010	4.2059e-010	3.8856e-010	3.5839e-010	3.3195e-010	2.8128e-010	2.2314e-010	1.333e-010	5.8383e-011	4.4996e-011	1.0247e-010	2.0469e-010	3.1436e-010	4.1099e-010	5.188e-010	6.1357e-010	6.729e-010	7.1545e-010	7.4495e-010	7.5394e-010	7.6852e-010	7.8124e-010	7.7531e-010	7.5633e-010	7.3176e-010	7.2024e-010	7.255e-010	7.1957e-010	7.1551e-010	7.0026e-010	6.9992e-010	6.9586e-010	6.7128e-010	6.1128e-010	5.4569e-010	5.4349e-010	5.7858e-010	6.2486e-010	6.5809e-010	6.82e-010	7.0777e-010	7.1676e-010	7.332e-010	7.366e-010
1.5717e-010	2.2582e-010	2.9262e-010	3.333e-010	3.7958e-010	4.9672e-010	5.8775e-010	6.2098e-010	6.2438e-010	6.7625e-010	7.2813e-010	7.5017e-010	7.5357e-010	7.2153e-010	6.8577e-010	7.0408e-010	7.4477e-010	7.8359e-010	8.0563e-010	8.0717e-010	7.7513e-010	7.4869e-010	7.3344e-010	7.1446e-010	7.0853e-010	6.9515e-010	6.7057e-010	6.6465e-010	6.6991e-010	6.5652e-010	6.1889e-010	5.5703e-010	4.9702e-010	4.4075e-010	3.8634e-010	3.2448e-010	2.8871e-010	3.1635e-010	3.5331e-010	3.6603e-010	3.4518e-010	2.8704e-010	2.3823e-010	1.8941e-010	1.2941e-010	8.0598e-011	5.9753e-011	6.1284e-011	1.5418e-010	2.6759e-010	3.9218e-010	5.0932e-010	5.7052e-010	6.3358e-010	7.0411e-010	7.4666e-010	7.687e-010	7.7955e-010	7.7176e-010	7.7143e-010	7.6363e-010	7.3719e-010	7.1262e-010	7.0856e-010	7.2127e-010	7.3026e-010	7.1688e-010	6.9603e-010	6.64e-010	6.2824e-010	5.962e-010	5.4366e-010	4.7247e-010	4.1247e-010	4.3078e-010	4.8079e-010	5.2894e-010	5.6776e-010	6.1218e-010	6.3236e-010	6.5999e-010	6.8017e-010	7.0034e-010
6.87e-011	1.5787e-010	2.4331e-010	3.1569e-010	3.713e-010	4.8284e-010	5.7574e-010	6.1083e-010	6.4406e-010	7.0153e-010	7.4222e-010	7.568e-010	7.4528e-010	7.0765e-010	6.7935e-010	7.0885e-010	7.5327e-010	7.7158e-010	7.9362e-010	7.9701e-010	7.6871e-010	7.4973e-010	7.3261e-010	6.9499e-010	6.5923e-010	6.1973e-010	5.7651e-010	5.538e-010	5.572e-010	5.3635e-010	4.9127e-010	4.1635e-010	3.5262e-010	2.9821e-010	2.2889e-010	1.6329e-010	1.4245e-010	1.85e-010	2.2755e-010	2.384e-010	2.0637e-010	1.3705e-010	8.6366e-011	6.3657e-011	5.4e-011	5.1801e-011	6.079e-011	1.4436e-010	2.6896e-010	3.7864e-010	5.2374e-010	6.3156e-010	6.7784e-010	7.1293e-010	7.443e-010	7.7007e-010	7.7719e-010	7.6754e-010	7.5788e-010	7.5568e-010	7.5535e-010	7.4382e-010	7.1739e-010	7.04e-010	7.2977e-010	7.3876e-010	7.291e-010	7.0453e-010	6.4453e-010	5.5842e-010	4.6299e-010	3.9366e-010	3.318e-010	2.6993e-010	2.9943e-010	3.6436e-010	4.125e-010	4.6438e-010	5.088e-010	5.4575e-010	5.6407e-010	5.9543e-010	6.3425e-010
1.0069e-011	7.4997e-011	1.9027e-010	2.9808e-010	3.8912e-010	5.1558e-010	6.0661e-010	6.3051e-010	6.4696e-010	6.9511e-010	7.2461e-010	7.3173e-010	7.2953e-010	7.0123e-010	6.8598e-010	7.0616e-010	7.3006e-010	7.4837e-010	7.5363e-010	7.4957e-010	7.2686e-010	6.9856e-010	6.7958e-010	6.2703e-010	5.5398e-010	4.8652e-010	4.3957e-010	4.1313e-010	4.0534e-010	3.7703e-010	3.2076e-010	2.6262e-010	1.9143e-010	1.2957e-010	7.8888e-011	5.6178e-011	6.3303e-011	7.0427e-011	8.501e-011	8.8405e-011	7.6883e-011	6.5361e-011	5.1975e-011	5.7235e-011	8.1141e-011	1.1623e-010	1.9235e-010	2.6847e-010	3.5017e-010	4.468e-010	5.8631e-010	6.7921e-010	7.2922e-010	7.4753e-010	7.5466e-010	7.5059e-010	7.3348e-010	7.2196e-010	7.384e-010	7.6604e-010	7.8249e-010	7.7656e-010	7.4826e-010	7.3114e-010	7.4013e-010	7.4539e-010	7.2827e-010	6.9624e-010	6.3437e-010	5.2962e-010	3.969e-010	2.8096e-010	1.9112e-010	1.4044e-010	1.7554e-010	2.4606e-010	3.0912e-010	3.6845e-010	4.2406e-010	4.6475e-010	4.8492e-010	4.9764e-010	5.2714e-010
9.2407e-012	2.7553e-011	1.6334e-010	2.9166e-010	4.032e-010	5.4645e-010	6.3748e-010	6.6325e-010	6.5919e-010	6.8123e-010	7.0513e-010	7.1226e-010	7.0633e-010	7.0227e-010	6.9447e-010	6.8668e-010	7.0126e-010	7.1025e-010	7.0433e-010	6.611e-010	6.1043e-010	5.8212e-010	5.5755e-010	4.8263e-010	4.0771e-010	3.2906e-010	2.616e-010	2.2397e-010	2.1059e-010	2.028e-010	1.6144e-010	1.089e-010	7.127e-011	5.9748e-011	5.1955e-011	5.535e-011	7.5527e-011	8.2651e-011	7.2994e-011	6.7066e-011	6.6732e-011	8.318e-011	1.3133e-010	1.9812e-010	2.5559e-010	2.9814e-010	3.4629e-010	3.8884e-010	4.4258e-010	5.0937e-010	6.0786e-010	6.8584e-010	7.3026e-010	7.4298e-010	7.4824e-010	7.4604e-010	7.3265e-010	7.2859e-010	7.5436e-010	7.8199e-010	8.0776e-010	7.9997e-010	7.8845e-010	7.5269e-010	7.393e-010	7.4456e-010	7.3117e-010	6.8795e-010	6.2982e-010	5.232e-010	3.9421e-010	2.6521e-010	1.2317e-010	9.8593e-011	1.2063e-010	1.5573e-010	2.0014e-010	2.7067e-010	3.4305e-010	4.0425e-010	4.2443e-010	4.2223e-010	4.0884e-010
1.7736e-011	3.4183e-011	1.7556e-010	2.927e-010	3.9305e-010	5.2138e-010	6.1055e-010	6.6056e-010	6.77e-010	6.7853e-010	6.9125e-010	7.0397e-010	7.0364e-010	7.0144e-010	6.8619e-010	6.4856e-010	6.389e-010	6.3111e-010	6.0654e-010	5.4281e-010	4.6975e-010	4.2653e-010	3.8704e-010	3.0839e-010	2.2974e-010	1.5669e-010	1.116e-010	1.0008e-010	7.9236e-011	6.7714e-011	6.3651e-011	6.7046e-011	6.1118e-011	6.2649e-011	7.5367e-011	1.4775e-010	2.1455e-010	2.3472e-010	1.8404e-010	1.315e-010	1.7592e-010	2.3712e-010	3.0018e-010	3.6324e-010	4.2444e-010	4.5208e-010	4.6293e-010	4.8311e-010	5.2379e-010	5.8126e-010	6.3687e-010	6.8501e-010	7.2384e-010	7.5707e-010	7.7538e-010	7.7318e-010	7.5606e-010	7.4641e-010	7.5726e-010	7.8862e-010	8.0507e-010	7.9728e-010	7.7643e-010	7.5372e-010	7.3847e-010	7.3627e-010	7.2102e-010	6.834e-010	6.178e-010	5.1305e-010	4.2135e-010	3.11e-010	1.5963e-010	9.2171e-011	1.0489e-010	1.3252e-010	1.4338e-010	1.5796e-010	2.3594e-010	3.0833e-010	3.5274e-010	3.5614e-010	3.0732e-010
1.5043e-011	3.149e-011	1.5982e-010	2.5644e-010	3.5493e-010	5.0004e-010	6.1531e-010	6.7651e-010	6.8736e-010	6.9076e-010	7.0348e-010	7.162e-010	7.084e-010	6.9129e-010	6.7044e-010	6.1976e-010	5.4671e-010	5.0535e-010	4.6213e-010	3.8535e-010	3.2908e-010	2.6721e-010	2.0721e-010	1.4534e-010	9.0932e-011	1.5586e-010	2.3011e-010	2.2791e-010	1.5299e-010	6.6886e-011	5.7229e-011	5.876e-011	6.2155e-011	8.2331e-011	1.7523e-010	2.7745e-010	3.4238e-010	3.5696e-010	3.1187e-010	2.9289e-010	3.429e-010	3.9851e-010	4.5598e-010	5.1718e-010	5.5786e-010	5.7245e-010	5.6652e-010	5.7924e-010	6.0314e-010	6.5129e-010	6.8079e-010	7.0842e-010	7.4352e-010	7.7675e-010	7.9692e-010	8.0218e-010	7.7947e-010	7.5304e-010	7.4897e-010	7.6169e-010	7.7254e-010	7.6848e-010	7.5882e-010	7.5103e-010	7.4137e-010	7.3545e-010	7.146e-010	6.6952e-010	6.1138e-010	5.3087e-010	4.69e-010	3.5679e-010	2.1474e-010	1.0626e-010	8.7279e-011	1.0559e-010	1.1272e-010	1.0679e-010	1.3815e-010	2.0867e-010	2.4936e-010	2.453e-010	1.853e-010
1.6079e-011	1.0151e-011	8.9996e-011	2.0154e-010	3.541e-010	5.2159e-010	6.4059e-010	6.9433e-010	7.0332e-010	6.8993e-010	6.9892e-010	7.0977e-010	7.0571e-010	6.9232e-010	6.6029e-010	5.8724e-010	4.6197e-010	3.5163e-010	2.9162e-010	2.2976e-010	1.6789e-010	1.1721e-010	7.772e-011	6.0604e-011	1.3299e-010	2.4826e-010	3.1692e-010	3.1659e-010	2.6591e-010	1.9658e-010	1.3472e-010	1.0082e-010	1.5829e-010	2.2881e-010	3.0492e-010	3.7358e-010	4.18e-010	4.2512e-010	4.2479e-010	4.4869e-010	5.0243e-010	5.4126e-010	5.7822e-010	6.0772e-010	6.3535e-010	6.4993e-010	6.4773e-010	6.4927e-010	6.6012e-010	6.803e-010	7.042e-010	7.2251e-010	7.4642e-010	7.7965e-010	7.8677e-010	8.0322e-010	7.7865e-010	7.5594e-010	7.4628e-010	7.4595e-010	7.4375e-010	7.3968e-010	7.2816e-010	7.3529e-010	7.48e-010	7.4021e-010	7.1564e-010	6.6496e-010	6.236e-010	6.1208e-010	5.5208e-010	4.2122e-010	2.8477e-010	1.5578e-010	7.1534e-011	7.12e-011	7.273e-011	7.799e-011	8.325e-011	9.5968e-011	1.1055e-010	1.0835e-010	7.632e-011
1.5251e-011	0	3.3229e-011	1.8766e-010	3.6446e-010	5.2822e-010	6.3976e-010	6.8791e-010	7.1181e-010	6.8537e-010	6.9436e-010	6.9776e-010	6.8251e-010	6.6539e-010	6.3709e-010	5.5285e-010	3.9961e-010	2.4638e-010	1.2671e-010	7.6029e-011	7.0101e-011	5.485e-011	6.011e-011	6.9099e-011	1.8997e-010	3.0897e-010	3.683e-010	3.7543e-010	3.4712e-010	3.2255e-010	2.7187e-010	2.7153e-010	3.2155e-010	3.7901e-010	4.514e-010	5.0141e-010	5.2718e-010	5.2312e-010	5.4516e-010	5.7093e-010	6.0416e-010	6.2434e-010	6.3892e-010	6.6096e-010	6.83e-010	6.9013e-010	6.8979e-010	6.8759e-010	7.0218e-010	7.2422e-010	7.3321e-010	7.3474e-010	7.4559e-010	7.5645e-010	7.7476e-010	7.7256e-010	7.6104e-010	7.5511e-010	7.6037e-010	7.5631e-010	7.4851e-010	7.2394e-010	7.1801e-010	7.4378e-010	7.5463e-010	7.3565e-010	7.0735e-010	6.4735e-010	6.3583e-010	6.5227e-010	5.9787e-010	4.4836e-010	2.8021e-010	1.419e-010	5.9518e-011	5.5455e-011	6.2579e-011	6.5974e-011	7.3099e-011	6.7171e-011	6.6836e-011	6.6502e-011	6.4304e-011
2.5611e-011	6.6303e-012	2.6807e-011	2.1294e-010	3.7296e-010	5.1993e-010	6.2401e-010	6.6843e-010	6.8301e-010	6.8827e-010	7.0286e-010	7.0812e-010	6.8914e-010	6.4965e-010	6.0643e-010	5.0727e-010	3.6149e-010	2.008e-010	6.0618e-011	4.7232e-011	4.3169e-011	4.097e-011	4.623e-011	9.0646e-011	2.3762e-010	3.4543e-010	4.1036e-010	4.3799e-010	4.4512e-010	4.28e-010	3.9411e-010	4.2547e-010	4.8294e-010	5.2549e-010	5.811e-010	6.1246e-010	6.2331e-010	6.2857e-010	6.357e-010	6.4655e-010	6.6486e-010	6.7572e-010	6.8657e-010	7.0488e-010	7.1574e-010	7.1913e-010	7.188e-010	7.2219e-010	7.3678e-010	7.3831e-010	7.417e-010	7.4883e-010	7.5222e-010	7.5002e-010	7.4969e-010	7.4003e-010	7.4343e-010	7.636e-010	7.8751e-010	7.909e-010	7.7565e-010	7.4176e-010	7.3023e-010	7.4668e-010	7.6126e-010	7.3669e-010	7.0279e-010	6.2228e-010	5.8279e-010	5.9737e-010	5.3923e-010	3.7668e-010	1.992e-010	7.9535e-011	4.9367e-011	4.5303e-011	4.8698e-011	6.3281e-011	6.4812e-011	7.3801e-011	6.9738e-011	6.9403e-011	6.9069e-011
1.5459e-011	5.8021e-012	4.276e-011	2.3262e-010	3.8518e-010	5.2656e-010	6.2505e-010	6.7506e-010	6.8219e-010	6.949e-010	7.1695e-010	7.0915e-010	6.8644e-010	6.3204e-010	5.5898e-010	4.5609e-010	3.2896e-010	1.7387e-010	5.2332e-011	3.7081e-011	3.8611e-011	4.3871e-011	4.5401e-011	1.3084e-010	2.9273e-010	4.3597e-010	5.4751e-010	5.8634e-010	5.9905e-010	5.6889e-010	5.2753e-010	5.5703e-010	5.9958e-010	6.2349e-010	6.4926e-010	6.6198e-010	6.7843e-010	6.8928e-010	6.9081e-010	6.9234e-010	6.8268e-010	7.0659e-010	7.249e-010	7.3203e-010	7.3169e-010	7.2763e-010	7.2916e-010	7.3255e-010	7.4154e-010	7.1883e-010	7.2782e-010	7.4613e-010	7.6631e-010	7.7344e-010	7.7124e-010	7.4293e-010	7.5006e-010	7.7396e-010	8.0906e-010	8.1618e-010	8.0093e-010	7.6703e-010	7.3686e-010	7.3653e-010	7.3433e-010	7.1722e-010	6.7959e-010	5.9348e-010	4.9246e-010	4.5856e-010	3.7805e-010	2.2109e-010	1.2006e-010	6.006e-011	4.6674e-011	4.4475e-011	4.9735e-011	5.6859e-011	6.7713e-011	7.1108e-011	7.4503e-011	7.4169e-011	7.57e-011
2.0225e-011	1.0568e-011	6.0579e-011	2.5603e-010	4.1419e-010	5.6116e-010	6.5779e-010	6.9474e-010	6.9068e-010	7.1272e-010	7.1612e-010	7.0273e-010	6.7816e-010	6.1443e-010	5.0408e-010	4.0306e-010	2.8898e-010	1.3202e-010	4.7774e-011	3.8117e-011	3.7783e-011	4.1178e-011	5.2032e-011	1.729e-010	3.9259e-010	5.5261e-010	6.5297e-010	6.9552e-010	7.0824e-010	6.7994e-010	6.3485e-010	6.3638e-010	6.6029e-010	6.7487e-010	6.7827e-010	6.8912e-010	7.0557e-010	7.2388e-010	7.3846e-010	7.3067e-010	7.3033e-010	7.3187e-010	7.334e-010	7.312e-010	7.2154e-010	7.1748e-010	7.3392e-010	7.5037e-010	7.5377e-010	7.4411e-010	7.3818e-010	7.5649e-010	7.8972e-010	8.0803e-010	8.0024e-010	7.794e-010	7.6601e-010	7.8059e-010	8.1382e-010	8.1162e-010	7.9824e-010	7.6807e-010	7.379e-010	7.3384e-010	7.2045e-010	7.052e-010	6.5266e-010	5.4417e-010	4.3569e-010	3.5891e-010	2.2992e-010	1.177e-010	7.2619e-011	5.7368e-011	4.5846e-011	4.7376e-011	5.4501e-011	5.976e-011	6.6885e-011	7.4009e-011	7.554e-011	8.2664e-011	9.9112e-011
2.872e-011	2.2792e-011	1.0264e-010	2.8317e-010	4.4319e-010	5.883e-010	6.756e-010	7.0697e-010	7.0477e-010	7.0444e-010	7.0224e-010	6.8885e-010	6.736e-010	6.2479e-010	5.0512e-010	3.8358e-010	2.8069e-010	1.1814e-010	3.9488e-011	3.1695e-011	3.6955e-011	3.6621e-011	4.7474e-011	2.1869e-010	4.4397e-010	5.984e-010	6.8943e-010	7.3571e-010	7.6149e-010	7.3878e-010	6.8996e-010	6.7844e-010	6.837e-010	6.9642e-010	6.9235e-010	7.1067e-010	7.2338e-010	7.3424e-010	7.3763e-010	7.4289e-010	7.4442e-010	7.4782e-010	7.4562e-010	7.2664e-010	6.9834e-010	7.0919e-010	7.4988e-010	7.8497e-010	7.921e-010	7.6752e-010	7.5041e-010	7.6685e-010	7.9822e-010	8.128e-010	8.1247e-010	7.8789e-010	7.6705e-010	7.5739e-010	7.7197e-010	7.791e-010	7.7317e-010	7.5792e-010	7.4453e-010	7.2555e-010	7.1589e-010	6.82e-010	6.1454e-010	5.0605e-010	3.8265e-010	2.8536e-010	1.3959e-010	6.2801e-011	5.3144e-011	5.0945e-011	5.4341e-011	5.7736e-011	5.9266e-011	7.012e-011	6.9786e-011	7.8775e-011	1.12e-010	1.732e-010	2.4932e-010
4.2809e-011	1.2452e-010	2.0809e-010	3.0285e-010	4.5728e-010	5.9307e-010	6.7291e-010	7.0055e-010	6.9089e-010	6.9615e-010	6.9768e-010	6.8802e-010	6.7277e-010	6.2023e-010	5.0242e-010	3.7156e-010	2.5189e-010	9.3068e-011	3.8659e-011	3.4596e-011	3.2397e-011	2.6469e-011	5.0375e-011	2.1786e-010	4.2263e-010	5.7706e-010	6.6623e-010	7.1997e-010	7.5133e-010	7.3049e-010	7.0778e-010	7.149e-010	7.1643e-010	7.1237e-010	7.139e-010	7.173e-010	7.2629e-010	7.2409e-010	7.1443e-010	7.2342e-010	7.436e-010	7.7496e-010	7.7649e-010	7.5565e-010	7.2361e-010	7.2701e-010	7.6583e-010	8.0465e-010	8.0432e-010	7.8907e-010	7.6263e-010	7.567e-010	7.8247e-010	8.0078e-010	7.9486e-010	7.7774e-010	7.4944e-010	7.4164e-010	7.4131e-010	7.3725e-010	7.4064e-010	7.4031e-010	7.3624e-010	7.1913e-010	6.8337e-010	6.3269e-010	5.4658e-010	4.3996e-010	3.3148e-010	1.8198e-010	6.9766e-011	5.0786e-011	4.1128e-011	4.2659e-011	5.3512e-011	5.5043e-011	6.2167e-011	7.4886e-011	1.0811e-010	1.7864e-010	2.5848e-010	3.2714e-010	3.9207e-010
9.419e-011	2.2065e-010	2.949e-010	3.4305e-010	4.6578e-010	5.8292e-010	6.5717e-010	6.8853e-010	6.9006e-010	7.0092e-010	7.0058e-010	6.7787e-010	6.533e-010	5.8584e-010	4.5311e-010	3.5209e-010	2.3242e-010	7.7322e-011	3.5967e-011	3.5632e-011	3.5298e-011	3.6829e-011	5.5141e-011	2.0584e-010	4.0316e-010	5.5199e-010	6.4675e-010	6.9304e-010	6.9643e-010	6.9983e-010	7.1441e-010	7.2526e-010	7.2493e-010	7.0968e-010	7.0934e-010	7.2952e-010	7.3665e-010	7.1953e-010	7.0987e-010	7.114e-010	7.5768e-010	7.8905e-010	7.999e-010	7.8279e-010	7.6008e-010	7.411e-010	7.6873e-010	7.9077e-010	7.9976e-010	7.901e-010	7.5621e-010	7.4282e-010	7.5181e-010	7.5893e-010	7.5301e-010	7.4148e-010	7.3369e-010	7.3149e-010	7.3302e-010	7.1964e-010	7.193e-010	7.3389e-010	7.2796e-010	6.8847e-010	6.3219e-010	5.5355e-010	4.4693e-010	3.3658e-010	2.2437e-010	1.0284e-010	6.5208e-011	5.5551e-011	5.1488e-011	5.1154e-011	8.0654e-011	8.9643e-011	7.8121e-011	1.1881e-010	2.173e-010	3.0274e-010	3.8818e-010	4.6243e-010	5.4414e-010
1.1201e-010	2.3847e-010	3.1085e-010	3.7205e-010	4.836e-010	5.8582e-010	6.6193e-010	6.8584e-010	6.9483e-010	6.9076e-010	6.7924e-010	6.5467e-010	6.1518e-010	5.4212e-010	4.3178e-010	3.2516e-010	1.9989e-010	5.9713e-011	3.5138e-011	4.0398e-011	4.3793e-011	4.1595e-011	6.923e-011	2.3858e-010	4.1538e-010	5.6608e-010	6.6084e-010	6.9967e-010	6.956e-010	7.0273e-010	7.1731e-010	7.2444e-010	7.1291e-010	7.0326e-010	7.2157e-010	7.5293e-010	7.6006e-010	7.5599e-010	7.4074e-010	7.3295e-010	7.5872e-010	7.9754e-010	8.1026e-010	7.9688e-010	7.6484e-010	7.384e-010	7.6045e-010	7.6011e-010	7.6351e-010	7.5758e-010	7.33e-010	7.2708e-010	7.3606e-010	7.2827e-010	7.1862e-010	7.1082e-010	7.2541e-010	7.3812e-010	7.3592e-010	7.1135e-010	6.8678e-010	6.7525e-010	6.5441e-010	6.0373e-010	5.3068e-010	4.3898e-010	3.1931e-010	1.8845e-010	1.0048e-010	7.2173e-011	6.6245e-011	5.4723e-011	5.6254e-011	1.3796e-010	2.2527e-010	2.3798e-010	2.1155e-010	2.6342e-010	3.4886e-010	4.2684e-010	5.1041e-010	6.1823e-010	6.8502e-010
1.261e-010	2.5815e-010	3.4545e-010	4.2343e-010	5.1633e-010	6.316e-010	6.8721e-010	6.9993e-010	6.9213e-010	6.918e-010	6.7282e-010	6.5011e-010	6.013e-010	5.2265e-010	4.2535e-010	3.2246e-010	1.711e-010	4.7697e-011	4.5498e-011	4.5164e-011	5.9747e-011	5.5683e-011	8.1454e-011	2.4894e-010	4.1828e-010	5.7831e-010	6.7307e-010	7.063e-010	7.0223e-010	7.1309e-010	7.2394e-010	7.1615e-010	7.009e-010	7.0056e-010	7.3006e-010	7.7075e-010	7.8906e-010	7.8873e-010	7.6229e-010	7.4517e-010	7.5043e-010	7.7248e-010	7.8333e-010	7.6994e-010	7.6401e-010	7.3385e-010	7.2978e-010	7.2945e-010	7.2725e-010	7.12e-010	7.1353e-010	7.2065e-010	7.3151e-010	7.2558e-010	7.0287e-010	7.0627e-010	7.1339e-010	7.1865e-010	7.0526e-010	6.6391e-010	6.039e-010	5.7001e-010	5.2679e-010	4.6865e-010	3.9932e-010	3.2254e-010	1.9355e-010	9.4388e-011	7.5408e-011	6.948e-011	6.5417e-011	6.1353e-011	9.4582e-011	2.4715e-010	3.3259e-010	3.6022e-010	4.1396e-010	5.0686e-010	5.5687e-010	5.9383e-010	6.3638e-010	7.0877e-010	7.6996e-010
2.0545e-010	3.7852e-010	5.0125e-010	5.5127e-010	5.6398e-010	6.5129e-010	7.013e-010	7.0469e-010	6.9131e-010	6.947e-010	6.7945e-010	6.4369e-010	6.0233e-010	5.0877e-010	4.0961e-010	3.1231e-010	1.5535e-010	3.7545e-011	4.0941e-011	4.0606e-011	6.0783e-011	4.9261e-011	8.9949e-011	2.6116e-010	4.361e-010	5.7561e-010	6.6478e-010	6.9988e-010	7.0141e-010	7.2345e-010	7.4362e-010	7.4142e-010	7.2804e-010	7.1465e-010	7.4229e-010	7.7925e-010	7.9569e-010	8.0095e-010	7.7638e-010	7.4808e-010	7.3842e-010	7.4368e-010	7.4148e-010	7.3555e-010	7.2589e-010	7.4607e-010	7.5879e-010	7.5845e-010	7.3947e-010	7.0744e-010	7.1084e-010	7.3288e-010	7.3627e-010	7.3035e-010	7.0577e-010	6.7374e-010	6.6222e-010	6.4697e-010	6.2053e-010	5.6425e-010	4.9679e-010	4.3679e-010	3.7679e-010	3.1492e-010	2.6051e-010	1.8e-010	9.3894e-011	7.3049e-011	7.0851e-011	6.6787e-011	6.2724e-011	6.0525e-011	1.5156e-010	3.1531e-010	4.1007e-010	4.9551e-010	6.0146e-010	6.6639e-010	6.9589e-010	7.0674e-010	7.2132e-010	7.5642e-010	7.9151e-010
2.6988e-010	4.672e-010	5.8806e-010	6.3435e-010	6.2282e-010	6.6165e-010	7.0047e-010	7.0386e-010	6.9234e-010	6.9014e-010	6.7116e-010	6.3913e-010	5.9032e-010	4.7438e-010	3.8267e-010	2.8538e-010	1.4333e-010	3.8582e-011	3.4518e-011	3.4184e-011	3.7579e-011	4.4704e-011	1.0963e-010	2.7711e-010	4.3527e-010	5.6733e-010	6.4904e-010	6.9159e-010	7.1363e-010	7.4126e-010	7.8009e-010	7.7975e-010	7.6637e-010	7.4366e-010	7.3959e-010	7.6909e-010	7.8368e-010	7.8334e-010	7.569e-010	7.603e-010	7.581e-010	7.5031e-010	7.4252e-010	7.2167e-010	7.3812e-010	7.6389e-010	7.8779e-010	7.9492e-010	7.6848e-010	7.4018e-010	7.2493e-010	7.3205e-010	7.3731e-010	7.2952e-010	6.9003e-010	6.2816e-010	5.7562e-010	5.3612e-010	4.9104e-010	4.1985e-010	3.6358e-010	2.9425e-010	2.2306e-010	1.5747e-010	1.1984e-010	8.0348e-011	6.6961e-011	6.4763e-011	6.2564e-011	7.3418e-011	1.1224e-010	1.8836e-010	2.9617e-010	4.189e-010	5.3231e-010	6.3266e-010	7.0692e-010	7.5506e-010	7.6219e-010	7.6372e-010	7.6338e-010	7.7051e-010	7.8695e-010
3.0262e-010	4.9434e-010	6.0215e-010	6.4843e-010	6.4251e-010	6.7387e-010	7.0896e-010	7.2541e-010	7.1389e-010	7.005e-010	6.6474e-010	6.1593e-010	5.6338e-010	4.4558e-010	3.3896e-010	2.5658e-010	1.1267e-010	3.5889e-011	3.9284e-011	3.3356e-011	3.3022e-011	4.574e-011	1.3118e-010	2.8934e-010	4.6241e-010	5.8701e-010	6.7058e-010	7.0008e-010	7.2585e-010	7.7214e-010	7.9231e-010	7.9198e-010	7.7859e-010	7.4842e-010	7.2944e-010	7.4216e-010	7.5115e-010	7.5641e-010	7.5235e-010	7.5947e-010	7.7405e-010	7.7745e-010	7.622e-010	7.4881e-010	7.4661e-010	7.7798e-010	7.9629e-010	7.9036e-010	7.8257e-010	7.524e-010	7.4088e-010	7.3495e-010	7.3275e-010	7.0818e-010	6.5936e-010	5.7326e-010	4.8901e-010	4.2155e-010	3.3918e-010	2.7731e-010	2.1171e-010	1.3866e-010	9.9168e-011	7.6459e-011	7.0531e-011	6.4603e-011	6.0539e-011	6.207e-011	1.4937e-010	2.3854e-010	3.1466e-010	3.7772e-010	4.4451e-010	5.2249e-010	6.2285e-010	6.971e-010	7.4711e-010	7.8034e-010	7.8187e-010	7.7035e-010	7.551e-010	7.6595e-010	7.6934e-010
3.0179e-010	4.5808e-010	5.603e-010	6.1777e-010	6.4914e-010	6.9355e-010	7.3051e-010	7.3204e-010	7.1679e-010	6.9595e-010	6.5832e-010	6.1137e-010	5.495e-010	4.2424e-010	3.0457e-010	1.8117e-010	5.9635e-011	3.6925e-011	3.4727e-011	2.5069e-011	2.66e-011	4.1183e-011	1.4154e-010	3.1834e-010	4.9701e-010	6.1974e-010	6.9772e-010	7.2909e-010	7.4927e-010	7.6571e-010	7.747e-010	7.6691e-010	7.5539e-010	7.3454e-010	7.3048e-010	7.4879e-010	7.5032e-010	7.4253e-010	7.4406e-010	7.661e-010	7.8628e-010	7.99e-010	7.8375e-010	7.629e-010	7.4765e-010	7.6037e-010	7.7868e-010	7.8021e-010	7.7801e-010	7.5903e-010	7.4378e-010	7.3412e-010	7.2819e-010	7.0362e-010	6.4735e-010	5.4819e-010	4.7513e-010	3.8903e-010	2.5258e-010	1.3663e-010	9.5279e-011	8.3757e-011	7.7829e-011	7.0037e-011	6.9702e-011	8.8015e-011	1.6599e-010	2.4211e-010	3.2941e-010	4.1112e-010	4.7046e-010	5.242e-010	5.7234e-010	6.2235e-010	6.705e-010	7.2051e-010	7.612e-010	7.6646e-010	7.4748e-010	7.2477e-010	7.2257e-010	7.5953e-010	7.9649e-010
3.8114e-010	5.1133e-010	6.266e-010	6.9526e-010	7.2289e-010	7.3188e-010	7.4646e-010	7.3121e-010	7.0291e-010	6.8207e-010	6.5749e-010	6.1614e-010	5.4308e-010	4.2341e-010	2.8509e-010	1.1322e-010	4.389e-011	3.7962e-011	3.0169e-011	2.6106e-011	2.7636e-011	4.7813e-011	1.4817e-010	3.287e-010	5.2043e-010	6.301e-010	7.0249e-010	7.3385e-010	7.503e-010	7.537e-010	7.4963e-010	7.3252e-010	7.1913e-010	7.188e-010	7.483e-010	7.6847e-010	7.7933e-010	7.6967e-010	7.5628e-010	7.5409e-010	7.7426e-010	7.8698e-010	7.7546e-010	7.5461e-010	7.319e-010	7.3903e-010	7.4242e-010	7.4955e-010	7.4921e-010	7.4329e-010	7.3736e-010	7.3702e-010	7.2364e-010	6.972e-010	6.4465e-010	6.0703e-010	5.5448e-010	4.4973e-010	2.648e-010	9.665e-011	8.3263e-011	7.1741e-011	7.1407e-011	6.9208e-011	1.043e-010	2.606e-010	3.9638e-010	4.4826e-010	4.6843e-010	5.4082e-010	5.8896e-010	6.2592e-010	6.5729e-010	6.8119e-010	7.0696e-010	7.346e-010	7.5478e-010	7.5631e-010	7.4665e-010	7.1462e-010	7.2174e-010	7.7921e-010	8.199e-010
5.071e-010	6e-010	6.7985e-010	7.3732e-010	7.5563e-010	7.4784e-010	7.4004e-010	7.2479e-010	7.0208e-010	6.7564e-010	6.492e-010	6.1158e-010	5.4225e-010	4.0953e-010	2.7121e-010	9.5605e-011	3.1874e-011	2.7811e-011	2.5612e-011	2.7142e-011	2.1214e-011	4.3256e-011	1.6412e-010	3.4839e-010	5.196e-010	6.2928e-010	6.8861e-010	7.1438e-010	7.3083e-010	7.249e-010	7.1151e-010	6.9999e-010	6.922e-010	7.1983e-010	7.5679e-010	7.807e-010	7.8782e-010	7.763e-010	7.48e-010	7.3648e-010	7.4546e-010	7.4886e-010	7.5039e-010	7.2768e-010	7.1429e-010	7.2142e-010	7.2668e-010	7.2634e-010	7.2601e-010	7.1822e-010	7.2348e-010	7.2687e-010	7.1908e-010	6.9823e-010	6.6807e-010	6.6027e-010	6.3384e-010	5.2349e-010	3.2177e-010	1.1633e-010	8.057e-011	7.4642e-011	6.8714e-011	1.0381e-010	2.4146e-010	4.3131e-010	5.5777e-010	6.0778e-010	5.9999e-010	6.3509e-010	6.7018e-010	6.8663e-010	7.0307e-010	7.0274e-010	7.2851e-010	7.5615e-010	7.8378e-010	7.8718e-010	7.6633e-010	7.4922e-010	7.3583e-010	7.7652e-010	8.0788e-010
6.3867e-010	6.6816e-010	7.0699e-010	7.4208e-010	7.3615e-010	7.1344e-010	7.0192e-010	7.1091e-010	7.0498e-010	6.8041e-010	6.4838e-010	6.1821e-010	5.3583e-010	3.9938e-010	2.5547e-010	9.2912e-011	2.9181e-011	1.393e-011	2.1054e-011	3.7502e-011	5.3949e-011	1.3939e-010	2.4347e-010	3.662e-010	5.1504e-010	6.2285e-010	6.71e-010	7.0609e-010	7.2254e-010	7.2407e-010	7.2747e-010	7.2527e-010	7.1188e-010	7.1901e-010	7.5037e-010	7.7614e-010	7.7767e-010	7.6615e-010	7.4344e-010	7.2073e-010	7.1667e-010	7.2193e-010	7.0854e-010	7.0634e-010	7.0414e-010	7.1873e-010	7.2399e-010	7.2179e-010	7.2332e-010	6.8942e-010	7.0587e-010	7.2791e-010	7.2757e-010	7.1792e-010	6.9148e-010	6.5945e-010	6.1809e-010	5.1334e-010	3.4146e-010	2.4603e-010	1.6179e-010	1.2416e-010	1.9468e-010	2.9317e-010	3.9353e-010	5.349e-010	6.3526e-010	6.8341e-010	6.8307e-010	6.9206e-010	7.197e-010	7.3241e-010	7.2089e-010	7.1683e-010	7.2768e-010	7.7024e-010	8.016e-010	8.1059e-010	7.9534e-010	7.633e-010	7.5365e-010	7.5891e-010	7.7722e-010
7.1988e-010	7.2514e-010	7.304e-010	7.1701e-010	6.9803e-010	6.8092e-010	6.8245e-010	7.0262e-010	7.1161e-010	6.8517e-010	6.4195e-010	6.0619e-010	5.2009e-010	3.9109e-010	2.8634e-010	1.6108e-010	3.7676e-011	2.056e-011	3.7008e-011	1.2058e-010	2.0229e-010	3.2129e-010	4.1046e-010	4.4555e-010	5.2353e-010	6.2575e-010	6.7017e-010	6.8848e-010	7.1798e-010	7.4189e-010	7.658e-010	7.6546e-010	7.5394e-010	7.3869e-010	7.3835e-010	7.3989e-010	7.5074e-010	7.3549e-010	7.221e-010	7.1804e-010	7.1584e-010	7.0059e-010	6.8907e-010	6.7568e-010	6.9399e-010	7.0485e-010	7.1943e-010	7.0791e-010	6.796e-010	6.6808e-010	7.1063e-010	7.2708e-010	7.2302e-010	7.3201e-010	7.2048e-010	6.9032e-010	6.3404e-010	5.4794e-010	4.7302e-010	4.0183e-010	3.2691e-010	3.1539e-010	3.8218e-010	4.6202e-010	5.3255e-010	5.9747e-010	6.6986e-010	7.0495e-010	7.1208e-010	7.2107e-010	7.5243e-010	7.6888e-010	7.6295e-010	7.4397e-010	7.4737e-010	7.6941e-010	7.9891e-010	8.1535e-010	8.0383e-010	7.7366e-010	7.5468e-010	7.4689e-010	7.4096e-010
7.4702e-010	7.4855e-010	7.4076e-010	7.1991e-010	6.972e-010	6.8382e-010	6.8162e-010	6.9993e-010	7.1079e-010	6.7502e-010	6.2807e-010	5.8299e-010	4.9502e-010	3.9399e-010	3.1907e-010	2.1619e-010	7.0411e-011	1.9732e-011	1.0331e-010	2.0739e-010	3.152e-010	4.398e-010	5.2151e-010	5.2863e-010	5.5254e-010	6.3798e-010	6.7867e-010	6.9325e-010	7.1529e-010	7.4852e-010	7.7988e-010	7.8514e-010	7.7362e-010	7.4159e-010	7.2634e-010	7.26e-010	7.2008e-010	7.1228e-010	7.0449e-010	7.1348e-010	7.206e-010	6.9976e-010	6.5654e-010	6.4315e-010	6.5587e-010	6.6859e-010	6.6639e-010	6.3995e-010	6.0978e-010	6.7098e-010	7.2472e-010	7.3744e-010	7.2032e-010	7.2186e-010	7.3457e-010	7.3797e-010	7.1339e-010	6.5526e-010	5.9525e-010	5.2779e-010	4.7898e-010	4.7865e-010	5.3425e-010	5.8799e-010	6.4173e-010	6.8242e-010	7.0819e-010	7.0972e-010	7.1684e-010	7.4075e-010	7.7398e-010	7.9229e-010	7.9569e-010	7.6925e-010	7.54e-010	7.6671e-010	7.813e-010	7.9215e-010	7.769e-010	7.5792e-010	7.5013e-010	7.4793e-010	7.4014e-010
7.1449e-010	7.1416e-010	7.101e-010	7.3027e-010	7.3367e-010	7.2774e-010	7.0876e-010	7.0843e-010	6.9877e-010	6.6487e-010	6.2538e-010	5.7097e-010	4.7554e-010	3.7638e-010	3.0892e-010	2.2468e-010	7.8906e-011	3.0092e-011	1.3231e-010	2.3267e-010	3.5913e-010	4.8372e-010	5.5052e-010	5.651e-010	5.7036e-010	6.502e-010	6.8716e-010	6.9988e-010	7.1073e-010	7.421e-010	7.7346e-010	7.6753e-010	7.6347e-010	7.3517e-010	7.1246e-010	7.1026e-010	7.0247e-010	6.9281e-010	6.9061e-010	6.996e-010	6.9181e-010	6.5045e-010	5.9231e-010	5.6774e-010	5.7486e-010	5.7639e-010	5.6487e-010	5.4403e-010	5.7539e-010	6.6642e-010	7.1644e-010	7.2356e-010	7.195e-010	7.2662e-010	7.4493e-010	7.6697e-010	7.5918e-010	7.2342e-010	6.802e-010	6.3325e-010	5.9935e-010	6.0275e-010	6.3225e-010	6.6734e-010	7.1362e-010	7.338e-010	7.4838e-010	7.4618e-010	7.328e-010	7.5297e-010	7.7874e-010	7.9892e-010	8.0232e-010	7.9266e-010	7.5876e-010	7.547e-010	7.5809e-010	7.6149e-010	7.4624e-010	7.2912e-010	7.5489e-010	7.732e-010	7.7287e-010
6.8383e-010	6.6672e-010	6.9808e-010	7.425e-010	7.6267e-010	7.6048e-010	7.3963e-010	7.0946e-010	6.7929e-010	6.5099e-010	6.2642e-010	5.776e-010	4.7285e-010	3.4386e-010	2.5029e-010	1.6978e-010	4.8244e-011	2.367e-011	9.4191e-011	1.9455e-010	3.2101e-010	4.3814e-010	5.0307e-010	5.1952e-010	5.6394e-010	6.4937e-010	6.882e-010	7.0092e-010	7.0804e-010	7.2262e-010	7.4653e-010	7.5365e-010	7.384e-010	7.1196e-010	7.1349e-010	7.1689e-010	7.0537e-010	6.8266e-010	6.4317e-010	6.2046e-010	6.0521e-010	5.5639e-010	4.8334e-010	4.5876e-010	4.6402e-010	4.5996e-010	4.559e-010	4.8726e-010	5.5405e-010	6.339e-010	6.8764e-010	7.0595e-010	7.1307e-010	7.4444e-010	7.6648e-010	7.8106e-010	7.8259e-010	7.5615e-010	7.2039e-010	6.9022e-010	6.8243e-010	6.7464e-010	6.9295e-010	6.9821e-010	7.4076e-010	7.8332e-010	7.923e-010	7.8265e-010	7.5994e-010	7.5215e-010	7.7232e-010	7.8691e-010	7.903e-010	7.7691e-010	7.5607e-010	7.5387e-010	7.6099e-010	7.5693e-010	7.3236e-010	7.3016e-010	7.5593e-010	7.9662e-010	8.112e-010
7.1097e-010	6.8453e-010	7.0658e-010	7.4913e-010	7.749e-010	7.7643e-010	7.5558e-010	7.2169e-010	6.8406e-010	6.5016e-010	6.2745e-010	5.861e-010	4.7202e-010	3.2438e-010	1.6928e-010	6.8261e-011	3.8093e-011	2.4706e-011	3.556e-011	9.8623e-011	2.1762e-010	3.329e-010	3.9969e-010	4.5343e-010	5.6311e-010	6.5228e-010	6.8551e-010	7.0382e-010	7.0535e-010	7.162e-010	7.3451e-010	7.3977e-010	7.2825e-010	7.0554e-010	6.9029e-010	6.9369e-010	6.8216e-010	6.3335e-010	5.6402e-010	5.1148e-010	4.6826e-010	4.2318e-010	3.7436e-010	3.647e-010	4.0166e-010	3.6404e-010	3.7116e-010	4.3982e-010	5.1593e-010	5.9951e-010	6.5884e-010	6.8275e-010	7.0852e-010	7.4175e-010	7.7498e-010	7.9329e-010	7.8177e-010	7.5533e-010	7.3448e-010	7.2296e-010	7.3008e-010	7.2789e-010	7.1636e-010	7.2162e-010	7.5485e-010	7.9181e-010	8.1199e-010	8.0047e-010	7.6843e-010	7.4386e-010	7.5098e-010	7.637e-010	7.5777e-010	7.4625e-010	7.5338e-010	7.7728e-010	7.8814e-010	7.8221e-010	7.6136e-010	7.4611e-010	7.6069e-010	7.9579e-010	8.0851e-010
7.3625e-010	7.0981e-010	7.0761e-010	7.4084e-010	7.5729e-010	7.6814e-010	7.473e-010	7.1527e-010	6.8323e-010	6.5493e-010	6.3222e-010	5.8341e-010	4.5814e-010	2.9558e-010	1.293e-010	4.3192e-011	3.167e-011	2.7607e-011	2.5408e-011	2.6939e-011	7.695e-011	1.9409e-010	3.1682e-010	4.4887e-010	5.7347e-010	6.5331e-010	6.8654e-010	6.9553e-010	7.1011e-010	7.247e-010	7.5233e-010	7.7064e-010	7.6099e-010	7.2709e-010	7.0624e-010	6.8913e-010	6.7201e-010	6.0642e-010	4.9421e-010	4.3047e-010	3.7047e-010	3.2539e-010	2.9708e-010	2.8743e-010	3.0947e-010	2.793e-010	2.7897e-010	3.4949e-010	4.5544e-010	5.6884e-010	6.5055e-010	6.8751e-010	7.0769e-010	7.2787e-010	7.5737e-010	7.6635e-010	7.6229e-010	7.3958e-010	7.2992e-010	7.5197e-010	7.6841e-010	7.7181e-010	7.5842e-010	7.4504e-010	7.5402e-010	7.7793e-010	7.9624e-010	7.9964e-010	7.7133e-010	7.4676e-010	7.4643e-010	7.4423e-010	7.383e-010	7.4169e-010	7.5814e-010	7.8764e-010	8.0222e-010	8.0003e-010	7.8105e-010	7.5274e-010	7.4495e-010	7.6326e-010	7.6852e-010
7.4661e-010	7.1271e-010	7.0119e-010	7.2883e-010	7.3595e-010	7.4121e-010	7.2596e-010	7.0698e-010	6.8427e-010	6.5783e-010	6.3885e-010	5.6952e-010	4.3307e-010	2.8357e-010	1.0982e-010	3.677e-011	3.2707e-011	2.305e-011	3.3903e-011	3.1705e-011	3.8829e-011	1.4851e-010	3.0294e-010	4.555e-010	5.8383e-010	6.5621e-010	6.8571e-010	6.8538e-010	6.981e-010	7.4251e-010	7.8134e-010	7.9219e-010	7.8253e-010	7.5423e-010	7.2779e-010	7.0508e-010	6.7305e-010	5.9999e-010	4.6541e-010	3.6998e-010	2.9692e-010	1.8658e-010	1.4149e-010	1.4675e-010	1.576e-010	1.2744e-010	1.5321e-010	2.7594e-010	4.2291e-010	5.6802e-010	6.721e-010	7.1652e-010	7.1805e-010	7.1958e-010	7.3603e-010	7.4129e-010	7.2976e-010	7.1824e-010	7.3655e-010	7.6046e-010	7.8996e-010	8.0081e-010	7.8556e-010	7.5726e-010	7.4387e-010	7.51e-010	7.6185e-010	7.7084e-010	7.4999e-010	7.3847e-010	7.5492e-010	7.7137e-010	7.6544e-010	7.5765e-010	7.6104e-010	7.8681e-010	7.9767e-010	7.9174e-010	7.7089e-010	7.4259e-010	7.3293e-010	7.2887e-010	7.2667e-010
7.4205e-010	7.2121e-010	7.1714e-010	7.2427e-010	7.202e-010	7.1241e-010	7.0835e-010	7.0801e-010	6.909e-010	6.4954e-010	6.1751e-010	5.5191e-010	4.0987e-010	2.6223e-010	8.6621e-011	3.4077e-011	3.1879e-011	2.7815e-011	2.9346e-011	3.647e-011	4.3595e-011	1.5887e-010	3.133e-010	4.6027e-010	5.83e-010	6.5166e-010	6.7556e-010	6.8269e-010	6.9727e-010	7.3796e-010	7.7678e-010	7.9136e-010	7.7238e-010	7.4967e-010	7.2696e-010	6.968e-010	6.5917e-010	5.7306e-010	4.4966e-010	3.3932e-010	2.0846e-010	7.76e-011	4.9297e-011	4.3369e-011	3.7441e-011	4.4565e-011	1.039e-010	2.6579e-010	4.3886e-010	5.9329e-010	6.8433e-010	7.1196e-010	7.1722e-010	7.2248e-010	7.3147e-010	7.4419e-010	7.3639e-010	7.286e-010	7.32e-010	7.6336e-010	7.9473e-010	8.0931e-010	7.9406e-010	7.5643e-010	7.3559e-010	7.4458e-010	7.4983e-010	7.4204e-010	7.3052e-010	7.3951e-010	7.746e-010	8.0037e-010	8.0004e-010	7.6987e-010	7.5462e-010	7.6174e-010	7.7073e-010	7.6667e-010	7.4769e-010	7.3057e-010	7.3024e-010	7.2804e-010	7.2771e-010
7.1698e-010	7.2411e-010	7.4056e-010	7.3836e-010	7.1751e-010	7.0599e-010	7.1311e-010	7.1651e-010	6.9566e-010	6.5431e-010	6.0177e-010	5.2125e-010	3.8667e-010	2.4462e-010	7.8334e-011	4.4437e-011	4.5967e-011	3.4446e-011	4.5299e-011	4.1236e-011	5.209e-011	1.7109e-010	3.1806e-010	4.5198e-010	5.6166e-010	6.3591e-010	6.7473e-010	6.9864e-010	6.9458e-010	7.1662e-010	7.4425e-010	7.5697e-010	7.4731e-010	7.2647e-010	7.0562e-010	6.8478e-010	6.3969e-010	5.4426e-010	4.0035e-010	2.7136e-010	1.2559e-010	5.2532e-011	4.2875e-011	3.5082e-011	3.6612e-011	4.9331e-011	1.1426e-010	2.7615e-010	4.4363e-010	5.7755e-010	6.6672e-010	7.0367e-010	7.1453e-010	7.2352e-010	7.6047e-010	7.8065e-010	7.6913e-010	7.5388e-010	7.4236e-010	7.5321e-010	7.7712e-010	7.8983e-010	7.7085e-010	7.5001e-010	7.4781e-010	7.5866e-010	7.6952e-010	7.524e-010	7.2223e-010	7.4428e-010	7.7564e-010	7.9955e-010	8.0294e-010	7.6531e-010	7.4633e-010	7.4227e-010	7.4194e-010	7.3228e-010	7.2076e-010	7.2229e-010	7.2941e-010	7.4027e-010	7.2129e-010
7.1056e-010	7.4193e-010	7.6956e-010	7.6363e-010	7.3347e-010	7.0703e-010	7.1602e-010	7.1941e-010	6.967e-010	6.5162e-010	5.9907e-010	5.0364e-010	3.7651e-010	2.3074e-010	7.1912e-011	4.7338e-011	4.8869e-011	5.0399e-011	3.7013e-011	3.8543e-011	5.6855e-011	1.7959e-010	3.1723e-010	4.2132e-010	5.2727e-010	6.2949e-010	6.9628e-010	7.0527e-010	6.9188e-010	7.1579e-010	7.0986e-010	7.2817e-010	7.1852e-010	6.9954e-010	7.0107e-010	6.653e-010	5.8852e-010	4.819e-010	3.3799e-010	1.829e-010	5.9496e-011	4.0516e-011	3.8317e-011	3.9848e-011	4.3243e-011	8.2066e-011	1.2648e-010	2.7532e-010	4.2788e-010	5.4316e-010	6.23e-010	6.8047e-010	7.0438e-010	7.3761e-010	7.7829e-010	7.9474e-010	7.9068e-010	7.7729e-010	7.5272e-010	7.4492e-010	7.5205e-010	7.5171e-010	7.4019e-010	7.3986e-010	7.5631e-010	7.8767e-010	7.9666e-010	7.8141e-010	7.5683e-010	7.4718e-010	7.6362e-010	7.7261e-010	7.6668e-010	7.4398e-010	7.3618e-010	7.4331e-010	7.3179e-010	7.2026e-010	7.0501e-010	7.0841e-010	6.9875e-010	7.0028e-010	6.6638e-010
7.2279e-010	7.6161e-010	8.0043e-010	7.9077e-010	7.5688e-010	7.2484e-010	7.1519e-010	7.0367e-010	6.7909e-010	6.4706e-010	6.0011e-010	5.14e-010	3.7569e-010	2.4669e-010	1.2889e-010	8.1938e-011	7.7874e-011	6.0759e-011	4.5508e-011	5.2632e-011	6.9079e-011	1.8995e-010	3.1081e-010	4.0184e-010	5.1712e-010	6.1561e-010	6.824e-010	6.9885e-010	6.836e-010	7.0004e-010	7.2022e-010	7.3107e-010	7.1769e-010	6.9125e-010	6.704e-010	6.3091e-010	5.187e-010	4.0835e-010	2.9428e-010	1.3172e-010	4.748e-011	4.1552e-011	4.6812e-011	4.2749e-011	7.9707e-011	1.465e-010	1.7041e-010	2.7076e-010	3.9536e-010	4.9385e-010	5.9234e-010	6.6286e-010	7.0355e-010	7.4051e-010	7.7001e-010	7.8832e-010	7.9358e-010	7.7087e-010	7.4443e-010	7.2545e-010	7.1766e-010	7.08e-010	7.1326e-010	7.3157e-010	7.648e-010	8.0176e-010	8.1075e-010	7.9736e-010	7.7092e-010	7.5008e-010	7.4974e-010	7.4009e-010	7.2297e-010	7.1145e-010	7.3349e-010	7.4807e-010	7.4401e-010	7.2503e-010	6.8927e-010	6.5723e-010	6.3266e-010	6.0063e-010	5.5741e-010
7.1823e-010	7.6078e-010	7.8842e-010	7.8622e-010	7.5605e-010	7.2402e-010	7.0877e-010	6.9351e-010	6.708e-010	6.481e-010	6.0674e-010	5.3928e-010	4.7368e-010	3.7639e-010	2.8655e-010	2.2841e-010	2.2249e-010	1.9232e-010	1.7707e-010	1.8233e-010	2.1742e-010	2.9354e-010	3.7525e-010	4.4577e-010	5.2375e-010	6.0732e-010	6.6106e-010	6.8497e-010	6.8463e-010	7.0667e-010	7.6041e-010	7.8991e-010	7.5788e-010	7.0534e-010	6.3788e-010	5.5923e-010	4.6007e-010	3.6651e-010	2.4497e-010	9.1737e-011	4.8517e-011	4.8183e-011	4.7848e-011	4.3785e-011	7.7014e-011	1.3821e-010	1.6212e-010	2.3078e-010	3.4791e-010	4.781e-010	5.9524e-010	6.7881e-010	7.195e-010	7.2849e-010	7.4121e-010	7.6325e-010	7.5919e-010	7.3834e-010	7.1377e-010	7.0225e-010	6.9259e-010	6.792e-010	6.9378e-010	7.2515e-010	7.5838e-010	7.8974e-010	7.9314e-010	7.928e-010	7.6636e-010	7.5857e-010	7.601e-010	7.5045e-010	7.2401e-010	7.1248e-010	7.308e-010	7.5284e-010	7.4691e-010	7.1674e-010	6.6979e-010	5.9301e-010	5.1995e-010	4.8606e-010	4.6148e-010
7.1367e-010	7.2825e-010	7.4097e-010	7.3318e-010	7.142e-010	7.3065e-010	7.3777e-010	7.2438e-010	6.8489e-010	6.5659e-010	6.488e-010	6.3541e-010	5.9406e-010	5.1914e-010	4.1811e-010	3.6557e-010	3.4845e-010	3.2761e-010	3.1609e-010	3.3253e-010	3.8814e-010	4.6612e-010	5.0494e-010	5.4004e-010	5.9378e-010	6.326e-010	6.6956e-010	6.8414e-010	6.894e-010	7.0771e-010	7.5586e-010	7.8909e-010	7.7197e-010	7.1383e-010	6.0162e-010	4.9127e-010	4.033e-010	3.3398e-010	2.1617e-010	6.6669e-011	4.3959e-011	4.3625e-011	3.5832e-011	3.9228e-011	4.6352e-011	6.28e-011	8.1112e-011	1.5536e-010	3.1539e-010	4.9033e-010	6.0933e-010	6.9104e-010	7.2054e-010	7.2766e-010	7.3292e-010	7.4378e-010	7.3598e-010	7.226e-010	7.0548e-010	6.7718e-010	6.5633e-010	6.3362e-010	6.7058e-010	7.0754e-010	7.4077e-010	7.6654e-010	7.6434e-010	7.5282e-010	7.5435e-010	7.6893e-010	7.7979e-010	7.8132e-010	7.5115e-010	7.3403e-010	7.4116e-010	7.5201e-010	7.4422e-010	7.0659e-010	6.5032e-010	5.5489e-010	4.5573e-010	4.0505e-010	3.7861e-010
7.203e-010	7.2743e-010	7.1404e-010	6.9879e-010	7.1524e-010	7.4846e-010	7.6305e-010	7.5153e-010	7.1763e-010	6.8187e-010	6.778e-010	6.8679e-010	6.7527e-010	6.134e-010	5.2543e-010	4.6543e-010	4.278e-010	4.1628e-010	4.3646e-010	4.7342e-010	5.2902e-010	5.7157e-010	5.9734e-010	6.1566e-010	6.4702e-010	6.7466e-010	7.0229e-010	7.1687e-010	7.0908e-010	7.0875e-010	7.3825e-010	7.7707e-010	7.7301e-010	7.186e-010	6.1012e-010	4.6061e-010	3.5772e-010	2.9959e-010	1.7619e-010	4.9059e-011	4.686e-011	4.0932e-011	3.6869e-011	3.0941e-011	2.6878e-011	4.146e-011	5.4179e-011	1.4708e-010	3.3693e-010	4.9509e-010	6.1223e-010	6.8089e-010	7.0666e-010	7.1938e-010	7.3769e-010	7.5227e-010	7.5753e-010	7.4974e-010	7.233e-010	6.95e-010	6.5923e-010	6.2907e-010	6.6229e-010	7.0298e-010	7.3062e-010	7.452e-010	7.4114e-010	7.3148e-010	7.5166e-010	7.7929e-010	8.0133e-010	8.0286e-010	7.7829e-010	7.4626e-010	7.4219e-010	7.4186e-010	7.2474e-010	6.9271e-010	6.383e-010	5.3168e-010	4.0456e-010	3.1658e-010	2.5472e-010
7.4931e-010	7.4151e-010	7.2067e-010	7.0542e-010	7.2e-010	7.551e-010	7.6781e-010	7.6375e-010	7.3731e-010	6.9409e-010	6.8443e-010	6.9715e-010	6.8563e-010	6.6106e-010	6.0292e-010	5.5037e-010	5.1834e-010	5.1055e-010	5.5124e-010	5.9379e-010	6.0837e-010	6.2482e-010	6.4313e-010	6.5399e-010	6.7789e-010	7.2604e-010	7.5181e-010	7.5893e-010	7.269e-010	7.1911e-010	7.4488e-010	7.6878e-010	7.6099e-010	7.1404e-010	5.981e-010	4.2436e-010	2.8977e-010	2.2044e-010	1.0637e-010	4.4502e-011	4.7897e-011	4.3833e-011	4.5364e-011	3.9436e-011	3.9102e-011	4.9955e-011	5.708e-011	1.8354e-010	3.5475e-010	4.924e-010	6.0021e-010	6.6701e-010	7.021e-010	7.2414e-010	7.4991e-010	7.7755e-010	7.8467e-010	7.7315e-010	7.4485e-010	7.0722e-010	6.8265e-010	6.6366e-010	6.8571e-010	7.0961e-010	7.3165e-010	7.4064e-010	7.4217e-010	7.437e-010	7.6015e-010	7.8592e-010	8.005e-010	8.0204e-010	7.8305e-010	7.5289e-010	7.4136e-010	7.3171e-010	7.1273e-010	6.9002e-010	6.4493e-010	5.3459e-010	3.7762e-010	2.2439e-010	1.271e-010
7.634e-010	7.612e-010	7.3289e-010	7.1578e-010	7.2104e-010	7.4681e-010	7.6139e-010	7.48e-010	7.2902e-010	7.0632e-010	6.9479e-010	6.9446e-010	6.8853e-010	6.7514e-010	6.5244e-010	6.3532e-010	6.2193e-010	6.1414e-010	6.3245e-010	6.5076e-010	6.5602e-010	6.6315e-010	6.7214e-010	6.8859e-010	7.069e-010	7.364e-010	7.603e-010	7.5624e-010	7.2048e-010	7.1269e-010	7.3659e-010	7.6423e-010	7.5457e-010	7.0016e-010	5.7863e-010	3.8624e-010	1.9571e-010	8.9093e-011	5.1466e-011	5.1132e-011	5.6392e-011	5.0464e-011	4.4536e-011	4.2337e-011	4.7597e-011	5.2856e-011	7.3033e-011	2.0322e-010	3.5579e-010	4.9903e-010	6.1244e-010	6.7737e-010	6.9941e-010	7.1772e-010	7.4722e-010	7.7672e-010	7.8571e-010	7.7978e-010	7.5148e-010	7.1199e-010	7.0046e-010	7.0572e-010	7.1098e-010	7.1997e-010	7.271e-010	7.3795e-010	7.488e-010	7.5966e-010	7.5746e-010	7.7391e-010	7.7917e-010	7.7324e-010	7.5985e-010	7.4646e-010	7.4054e-010	7.2342e-010	7.0631e-010	6.8732e-010	6.3665e-010	5.2257e-010	3.6374e-010	1.9e-010	8.711e-011
7.4952e-010	7.5105e-010	7.302e-010	7.0749e-010	7.0529e-010	7.1988e-010	7.2514e-010	7.248e-010	7.1514e-010	7.1108e-010	7.2753e-010	7.2346e-010	6.9703e-010	6.7432e-010	6.7585e-010	6.9229e-010	6.8637e-010	6.6739e-010	6.801e-010	6.7977e-010	6.8503e-010	7.0148e-010	7.0487e-010	7.064e-010	7.1539e-010	7.2811e-010	7.3523e-010	7.2558e-010	7.0287e-010	6.8575e-010	7.2085e-010	7.578e-010	7.4628e-010	6.8442e-010	5.5169e-010	3.6303e-010	2.1353e-010	9.5723e-011	6.5555e-011	7.0815e-011	6.1157e-011	5.3365e-011	5.676e-011	6.5749e-011	9.5249e-011	1.3407e-010	1.5611e-010	2.3596e-010	3.7174e-010	5.3176e-010	6.4144e-010	6.9891e-010	7.0977e-010	7.1316e-010	7.3893e-010	7.6284e-010	7.7183e-010	7.6403e-010	7.3014e-010	7.1489e-010	7.2388e-010	7.2354e-010	7.0643e-010	6.9304e-010	6.8152e-010	6.9796e-010	7.3492e-010	7.551e-010	7.4544e-010	7.3765e-010	7.3918e-010	7.3325e-010	7.3105e-010	7.3818e-010	7.4344e-010	7.3378e-010	7.0734e-010	6.7344e-010	6.1904e-010	4.9191e-010	3.3494e-010	1.7425e-010	8.0688e-011
7.1699e-010	7.1665e-010	7.0886e-010	7.0293e-010	7.1379e-010	7.1159e-010	7.038e-010	6.9227e-010	7.0313e-010	7.3636e-010	7.5467e-010	7.5061e-010	7.3163e-010	7.0146e-010	6.918e-010	7.0079e-010	7.0046e-010	7.0012e-010	7.0538e-010	7.0691e-010	7.0844e-010	7.0811e-010	7.0404e-010	7.0744e-010	7.127e-010	7.2728e-010	7.4932e-010	7.2288e-010	6.9831e-010	6.8865e-010	7.2375e-010	7.5138e-010	7.3427e-010	6.6867e-010	5.2849e-010	3.8644e-010	3.1339e-010	2.1982e-010	1.3558e-010	8.6768e-011	6.4058e-011	6.9318e-011	1.2119e-010	1.6747e-010	2.0816e-010	2.302e-010	2.7835e-010	3.4328e-010	4.2126e-010	5.5145e-010	6.518e-010	7.0554e-010	7.0894e-010	7.0487e-010	7.2132e-010	7.3404e-010	7.4116e-010	7.371e-010	7.1626e-010	7.066e-010	7.0999e-010	6.9847e-010	6.6085e-010	6.1763e-010	6.0051e-010	6.4866e-010	7.1358e-010	7.4868e-010	7.558e-010	7.4055e-010	7.1971e-010	7.0818e-010	7.1344e-010	7.3549e-010	7.5193e-010	7.3668e-010	7.0465e-010	6.5397e-010	5.8464e-010	4.5752e-010	3.2852e-010	1.9207e-010	8.3589e-011
7.0124e-010	6.804e-010	6.9871e-010	7.2075e-010	7.3347e-010	7.35e-010	7.1043e-010	6.8772e-010	7.0976e-010	7.4485e-010	7.7622e-010	7.7402e-010	7.4571e-010	7.1741e-010	6.9843e-010	6.9623e-010	6.9963e-010	7.0489e-010	7.1201e-010	7.2473e-010	7.1694e-010	7.1101e-010	6.9576e-010	6.8797e-010	7.156e-010	7.5069e-010	7.6714e-010	7.5748e-010	7.3664e-010	7.0834e-010	7.2851e-010	7.4123e-010	7.1479e-010	6.492e-010	5.3512e-010	4.3596e-010	3.9274e-010	3.402e-010	2.8952e-010	2.2206e-010	1.2663e-010	1.4867e-010	2.136e-010	2.4869e-010	2.8565e-010	3.3193e-010	3.8194e-010	4.3568e-010	4.7823e-010	5.6367e-010	6.4725e-010	6.9539e-010	7.0811e-010	7.0778e-010	7.0744e-010	7.3321e-010	7.3847e-010	7.1763e-010	6.8746e-010	6.6102e-010	6.495e-010	6.1933e-010	5.7425e-010	5.0865e-010	5.1204e-010	5.9189e-010	6.8665e-010	7.4226e-010	7.6616e-010	7.6583e-010	7.4871e-010	7.3346e-010	7.2567e-010	7.3839e-010	7.4178e-010	7.3212e-010	6.9636e-010	6.5128e-010	5.8755e-010	5.1636e-010	4.2652e-010	3.2736e-010	2.1701e-010
7.116e-010	6.9449e-010	7.1093e-010	7.4416e-010	7.6434e-010	7.5282e-010	7.3197e-010	7.0926e-010	7.1639e-010	7.4216e-010	7.6234e-010	7.6573e-010	7.5048e-010	7.2031e-010	7.1065e-010	6.9913e-010	6.9134e-010	6.966e-010	7.1305e-010	7.3322e-010	7.3848e-010	7.3256e-010	7.0798e-010	6.946e-010	7.241e-010	7.7038e-010	7.9055e-010	7.809e-010	7.4886e-010	7.187e-010	7.2023e-010	7.3294e-010	7.1769e-010	6.6701e-010	5.9023e-010	5.2463e-010	4.8141e-010	4.2141e-010	3.8751e-010	3.3497e-010	2.4886e-010	2.5412e-010	2.9668e-010	3.355e-010	3.7619e-010	4.206e-010	4.6502e-010	5.1317e-010	5.6131e-010	6.0759e-010	6.5201e-010	6.7778e-010	6.8864e-010	6.939e-010	7.1407e-010	7.3798e-010	7.3578e-010	6.9442e-010	6.3442e-010	5.7069e-010	5.2933e-010	4.8984e-010	4.2238e-010	3.6611e-010	4.1985e-010	5.3885e-010	6.448e-010	7.2278e-010	7.6347e-010	7.7619e-010	7.6839e-010	7.5501e-010	7.3789e-010	7.4502e-010	7.4468e-010	7.257e-010	7.0672e-010	6.9147e-010	6.7435e-010	6.3113e-010	5.5808e-010	4.5892e-010	3.5976e-010
7.2756e-010	7.0298e-010	7.157e-010	7.4707e-010	7.5978e-010	7.5945e-010	7.3674e-010	7.103e-010	7.0437e-010	7.2268e-010	7.3167e-010	7.2948e-010	7.2355e-010	7.1762e-010	7.2661e-010	7.2068e-010	6.9424e-010	6.9764e-010	7.2714e-010	7.5664e-010	7.6935e-010	7.6716e-010	7.3512e-010	7.1055e-010	7.2886e-010	7.565e-010	7.7294e-010	7.7447e-010	7.4431e-010	7.1787e-010	7.138e-010	7.172e-010	6.9822e-010	6.7364e-010	6.4348e-010	6.2636e-010	5.8314e-010	5.1195e-010	4.4263e-010	3.9568e-010	3.5618e-010	3.689e-010	3.984e-010	4.3909e-010	4.9283e-010	5.3725e-010	5.7421e-010	5.9065e-010	6.2015e-010	6.5338e-010	6.7542e-010	6.9001e-010	6.99e-010	7.0053e-010	7.0951e-010	6.9986e-010	6.7901e-010	6.246e-010	5.3477e-010	4.5798e-010	3.9985e-010	3.2866e-010	2.6679e-010	2.1798e-010	3.0714e-010	4.5039e-010	5.7312e-010	6.6415e-010	7.1789e-010	7.3807e-010	7.4519e-010	7.4299e-010	7.4639e-010	7.6656e-010	7.6996e-010	7.4725e-010	7.2081e-010	7.1861e-010	7.2014e-010	7.0676e-010	6.4489e-010	5.5505e-010	4.8013e-010
7.3419e-010	7.1148e-010	7.1487e-010	7.3878e-010	7.459e-010	7.3811e-010	7.3032e-010	7.2625e-010	7.2592e-010	7.1999e-010	7.122e-010	6.9508e-010	7.0221e-010	7.3357e-010	7.5561e-010	7.5714e-010	7.3443e-010	7.1732e-010	7.3936e-010	7.6886e-010	7.7039e-010	7.6633e-010	7.4362e-010	7.1718e-010	7.1685e-010	7.3702e-010	7.4788e-010	7.4008e-010	7.267e-010	7.2263e-010	7.3162e-010	7.3129e-010	7.0298e-010	6.8587e-010	6.8367e-010	6.8147e-010	6.6622e-010	6.1181e-010	5.2571e-010	4.6011e-010	4.3554e-010	4.4639e-010	4.9081e-010	5.5387e-010	6.0201e-010	6.2592e-010	6.3677e-010	6.5322e-010	6.6408e-010	6.8425e-010	6.9138e-010	7.0037e-010	7.0935e-010	7.1089e-010	6.9377e-010	6.6733e-010	5.9987e-010	5.1749e-010	4.2206e-010	3.285e-010	2.5358e-010	1.8612e-010	1.1679e-010	9.4083e-011	1.702e-010	3.2276e-010	4.6787e-010	5.5704e-010	6.2383e-010	6.8689e-010	7.1453e-010	7.2911e-010	7.5861e-010	7.8252e-010	7.9151e-010	7.7439e-010	7.4609e-010	7.2524e-010	7.2491e-010	7.2271e-010	6.9254e-010	6.4186e-010	5.9864e-010
7.1844e-010	7.0319e-010	7.0472e-010	7.1185e-010	7.0592e-010	7.0931e-010	7.3322e-010	7.4967e-010	7.512e-010	7.3967e-010	7.1697e-010	6.9053e-010	7.107e-010	7.402e-010	7.6597e-010	7.6937e-010	7.5412e-010	7.37e-010	7.5158e-010	7.6244e-010	7.6024e-010	7.4685e-010	7.2787e-010	7.1449e-010	7.1602e-010	7.1941e-010	7.1535e-010	7.0756e-010	7.1282e-010	7.3486e-010	7.6249e-010	7.6589e-010	7.4877e-010	7.1301e-010	6.9216e-010	6.9929e-010	6.9523e-010	6.7065e-010	6.0879e-010	5.4878e-010	5.1861e-010	5.0896e-010	5.6829e-010	6.2949e-010	6.6085e-010	6.6798e-010	6.6951e-010	6.8223e-010	7.0054e-010	7.3004e-010	7.1292e-010	7.1073e-010	7.1598e-010	7.1006e-010	6.8735e-010	6.5531e-010	5.6361e-010	4.6818e-010	3.7835e-010	2.419e-010	1.1663e-010	7.1547e-011	6.7484e-011	6.5285e-011	1.1157e-010	2.5294e-010	3.7195e-010	4.779e-010	5.913e-010	6.7115e-010	7.0438e-010	7.3015e-010	7.6897e-010	7.9101e-010	8.0373e-010	7.8102e-010	7.5458e-010	7.356e-010	7.2408e-010	7.1629e-010	7.1222e-010	6.9884e-010	6.9477e-010
6.8964e-010	7.005e-010	7.0576e-010	7.0542e-010	6.9017e-010	7.0476e-010	7.4731e-010	7.7121e-010	7.6901e-010	7.5936e-010	7.2919e-010	6.9902e-010	7.0615e-010	7.3937e-010	7.5769e-010	7.6295e-010	7.477e-010	7.3244e-010	7.377e-010	7.3178e-010	7.2212e-010	7.0687e-010	7.028e-010	7.1552e-010	7.3197e-010	7.3909e-010	7.313e-010	7.1232e-010	7.1572e-010	7.4335e-010	7.7285e-010	7.7998e-010	7.5727e-010	7.2896e-010	7.0812e-010	6.8541e-010	6.944e-010	6.8661e-010	6.5644e-010	6.4305e-010	6.278e-010	5.995e-010	6.29e-010	6.7341e-010	6.8054e-010	6.8766e-010	6.9665e-010	7.1123e-010	7.1836e-010	7.1989e-010	7.121e-010	7.1549e-010	7.2821e-010	7.1669e-010	6.9211e-010	6.4516e-010	5.4973e-010	4.4312e-010	3.5328e-010	2.075e-010	7.6647e-011	5.9531e-011	5.7333e-011	6.2592e-011	1.0514e-010	2.2974e-010	3.4501e-010	4.7334e-010	6.0166e-010	6.871e-010	7.1847e-010	7.2559e-010	7.6068e-010	7.8459e-010	7.8612e-010	7.7833e-010	7.5375e-010	7.3664e-010	7.4003e-010	7.3411e-010	7.2258e-010	7.2038e-010	7.3683e-010
6.6458e-010	6.7729e-010	6.9934e-010	7.0832e-010	7.0799e-010	7.1511e-010	7.4089e-010	7.5733e-010	7.6819e-010	7.4734e-010	7.2277e-010	7.0006e-010	6.9972e-010	7.0871e-010	7.2516e-010	7.3042e-010	7.2822e-010	7.1483e-010	7.0891e-010	7.0671e-010	6.8959e-010	6.7434e-010	6.9452e-010	7.2775e-010	7.5911e-010	7.6997e-010	7.6217e-010	7.3946e-010	7.2794e-010	7.4812e-010	7.6457e-010	7.7542e-010	7.5084e-010	7.2627e-010	7.0543e-010	7.0136e-010	7.0289e-010	6.9137e-010	6.8544e-010	6.963e-010	6.9037e-010	6.8071e-010	6.8784e-010	7.0428e-010	7.0022e-010	7.0734e-010	7.1447e-010	7.1786e-010	7.1194e-010	7.0041e-010	6.9449e-010	7.1466e-010	7.3484e-010	7.2518e-010	6.8942e-010	6.3501e-010	5.3212e-010	4.3296e-010	3.2635e-010	1.8244e-010	7.0225e-011	5.8703e-011	6.0234e-011	6.9223e-011	8.9399e-011	1.7484e-010	3.1994e-010	4.9302e-010	6.288e-010	7.0119e-010	7.2137e-010	7.229e-010	7.4494e-010	7.5766e-010	7.5919e-010	7.458e-010	7.3801e-010	7.5259e-010	7.6904e-010	7.6684e-010	7.5345e-010	7.3261e-010	7.3787e-010
